Converged maximum error: 
9.957e-01
9.918e-01
9.878e-01
9.838e-01
9.799e-01
9.759e-01
9.720e-01
9.681e-01
9.643e-01
9.604e-01
9.565e-01
9.527e-01
9.489e-01
9.451e-01
9.413e-01
9.375e-01
9.338e-01
9.300e-01
9.263e-01
9.226e-01
9.189e-01
9.152e-01
9.115e-01
9.079e-01
9.042e-01
9.006e-01
8.970e-01
8.934e-01
8.898e-01
8.863e-01
8.827e-01
8.792e-01
8.756e-01
8.721e-01
8.686e-01
8.652e-01
8.617e-01
8.582e-01
8.548e-01
8.514e-01
8.479e-01
8.445e-01
8.412e-01
8.378e-01
8.344e-01
8.311e-01
8.278e-01
8.244e-01
8.211e-01
8.178e-01
8.146e-01
8.113e-01
8.080e-01
8.048e-01
8.016e-01
7.984e-01
7.952e-01
7.920e-01
7.888e-01
7.856e-01
7.825e-01
7.793e-01
7.762e-01
7.731e-01
7.700e-01
7.669e-01
7.638e-01
7.608e-01
7.577e-01
7.547e-01
7.517e-01
7.486e-01
7.456e-01
7.427e-01
7.397e-01
7.367e-01
7.338e-01
7.308e-01
7.279e-01
7.250e-01
7.221e-01
7.192e-01
7.163e-01
7.134e-01
7.105e-01
7.077e-01
7.049e-01
7.020e-01
6.992e-01
6.964e-01
6.936e-01
6.908e-01
6.881e-01
6.853e-01
6.826e-01
6.798e-01
6.771e-01
6.744e-01
6.717e-01
6.690e-01
6.663e-01
6.636e-01
6.610e-01
6.583e-01
6.557e-01
6.530e-01
6.504e-01
6.478e-01
6.452e-01
6.426e-01
6.401e-01
6.375e-01
6.349e-01
6.324e-01
6.299e-01
6.273e-01
6.248e-01
6.223e-01
6.198e-01
6.173e-01
6.149e-01
6.124e-01
6.100e-01
6.075e-01
6.051e-01
6.026e-01
6.002e-01
5.978e-01
5.954e-01
5.930e-01
5.907e-01
5.883e-01
5.859e-01
5.836e-01
5.813e-01
5.789e-01
5.766e-01
5.743e-01
5.720e-01
5.697e-01
5.674e-01
5.652e-01
5.629e-01
5.606e-01
5.584e-01
5.562e-01
5.539e-01
5.517e-01
5.495e-01
5.473e-01
5.451e-01
5.429e-01
5.408e-01
5.386e-01
5.364e-01
5.343e-01
5.322e-01
5.300e-01
5.279e-01
5.258e-01
5.237e-01
5.216e-01
5.195e-01
5.174e-01
5.154e-01
5.133e-01
5.113e-01
5.092e-01
5.072e-01
5.051e-01
5.031e-01
5.011e-01
4.991e-01
4.971e-01
4.951e-01
4.931e-01
4.912e-01
4.892e-01
4.873e-01
4.853e-01
4.834e-01
4.814e-01
4.795e-01
4.776e-01
4.757e-01
4.738e-01
4.719e-01
4.700e-01
4.681e-01
4.663e-01
4.644e-01
4.625e-01
4.607e-01
4.589e-01
4.570e-01
4.552e-01
4.534e-01
4.516e-01
4.498e-01
4.480e-01
4.462e-01
4.444e-01
4.426e-01
4.409e-01
4.391e-01
4.373e-01
4.356e-01
4.339e-01
4.321e-01
4.304e-01
4.287e-01
4.270e-01
4.253e-01
4.236e-01
4.219e-01
4.202e-01
4.185e-01
4.169e-01
4.152e-01
4.135e-01
4.119e-01
4.103e-01
4.086e-01
4.070e-01
4.054e-01
4.038e-01
4.021e-01
4.005e-01
3.989e-01
3.974e-01
3.958e-01
3.942e-01
3.926e-01
3.911e-01
3.895e-01
3.879e-01
3.864e-01
3.849e-01
3.833e-01
3.818e-01
3.803e-01
3.788e-01
3.773e-01
3.758e-01
3.743e-01
3.728e-01
3.713e-01
3.698e-01
3.683e-01
3.669e-01
3.654e-01
3.640e-01
3.625e-01
3.611e-01
3.596e-01
3.582e-01
3.568e-01
3.554e-01
3.539e-01
3.525e-01
3.511e-01
3.497e-01
3.483e-01
3.470e-01
3.456e-01
3.442e-01
3.428e-01
3.415e-01
3.401e-01
3.388e-01
3.374e-01
3.361e-01
3.347e-01
3.334e-01
3.321e-01
3.308e-01
3.295e-01
3.281e-01
3.268e-01
3.255e-01
3.243e-01
3.230e-01
3.217e-01
3.204e-01
3.191e-01
3.179e-01
3.166e-01
3.153e-01
3.141e-01
3.129e-01
3.116e-01
3.104e-01
3.091e-01
3.079e-01
3.067e-01
3.055e-01
3.043e-01
3.031e-01
3.019e-01
3.007e-01
2.995e-01
2.983e-01
2.971e-01
2.959e-01
2.947e-01
2.936e-01
2.924e-01
2.913e-01
2.901e-01
2.889e-01
2.878e-01
2.867e-01
2.855e-01
2.844e-01
2.833e-01
2.821e-01
2.810e-01
2.799e-01
2.788e-01
2.777e-01
2.766e-01
2.755e-01
2.744e-01
2.733e-01
2.722e-01
2.712e-01
2.701e-01
2.690e-01
2.680e-01
2.669e-01
2.658e-01
2.648e-01
2.637e-01
2.627e-01
2.617e-01
2.606e-01
2.596e-01
2.586e-01
2.575e-01
2.565e-01
2.555e-01
2.545e-01
2.535e-01
2.525e-01
2.515e-01
2.505e-01
2.495e-01
2.485e-01
2.475e-01
2.466e-01
2.456e-01
2.446e-01
2.436e-01
2.427e-01
2.417e-01
2.408e-01
2.398e-01
2.389e-01
2.379e-01
2.370e-01
2.361e-01
2.351e-01
2.342e-01
2.333e-01
2.323e-01
2.314e-01
2.305e-01
2.296e-01
2.287e-01
2.278e-01
2.269e-01
2.260e-01
2.251e-01
2.242e-01
2.233e-01
2.225e-01
2.216e-01
2.207e-01
2.198e-01
2.190e-01
2.181e-01
2.172e-01
2.164e-01
2.155e-01
2.147e-01
2.138e-01
2.130e-01
2.122e-01
2.113e-01
2.105e-01
2.097e-01
2.088e-01
2.080e-01
2.072e-01
2.064e-01
2.056e-01
2.047e-01
2.039e-01
2.031e-01
2.023e-01
2.015e-01
2.007e-01
2.000e-01
1.992e-01
1.984e-01
1.976e-01
1.968e-01
1.960e-01
1.953e-01
1.945e-01
1.937e-01
1.930e-01
1.922e-01
1.915e-01
1.907e-01
1.900e-01
1.892e-01
1.885e-01
1.877e-01
1.870e-01
1.862e-01
1.855e-01
1.848e-01
1.841e-01
1.833e-01
1.826e-01
1.819e-01
1.812e-01
1.805e-01
1.798e-01
1.791e-01
1.784e-01
1.776e-01
1.770e-01
1.763e-01
1.756e-01
1.749e-01
1.742e-01
1.735e-01
1.728e-01
1.721e-01
1.715e-01
1.708e-01
1.701e-01
1.695e-01
1.688e-01
1.681e-01
1.675e-01
1.668e-01
1.662e-01
1.655e-01
1.649e-01
1.642e-01
1.636e-01
1.629e-01
1.623e-01
1.616e-01
1.610e-01
1.604e-01
1.597e-01
1.591e-01
1.585e-01
1.579e-01
1.573e-01
1.566e-01
1.560e-01
1.554e-01
1.548e-01
1.542e-01
1.536e-01
1.530e-01
1.524e-01
1.518e-01
1.512e-01
1.506e-01
1.500e-01
1.494e-01
1.488e-01
1.483e-01
1.477e-01
1.471e-01
1.465e-01
1.459e-01
1.454e-01
1.448e-01
1.442e-01
1.437e-01
1.431e-01
1.426e-01
1.420e-01
1.414e-01
1.409e-01
1.403e-01
1.398e-01
1.392e-01
1.387e-01
1.381e-01
1.376e-01
1.371e-01
1.365e-01
1.360e-01
1.355e-01
1.349e-01
1.344e-01
1.339e-01
1.334e-01
1.328e-01
1.323e-01
1.318e-01
1.313e-01
1.308e-01
1.303e-01
1.298e-01
1.292e-01
1.287e-01
1.282e-01
1.277e-01
1.272e-01
1.267e-01
1.263e-01
1.258e-01
1.253e-01
1.248e-01
1.243e-01
1.238e-01
1.233e-01
1.228e-01
1.224e-01
1.219e-01
1.214e-01
1.209e-01
1.205e-01
1.200e-01
1.195e-01
1.191e-01
1.186e-01
1.181e-01
1.177e-01
1.172e-01
1.168e-01
1.163e-01
1.159e-01
1.154e-01
1.150e-01
1.145e-01
1.141e-01
1.136e-01
1.132e-01
1.127e-01
1.123e-01
1.119e-01
1.114e-01
1.110e-01
1.106e-01
1.101e-01
1.097e-01
1.093e-01
1.089e-01
1.084e-01
1.080e-01
1.076e-01
1.072e-01
1.068e-01
1.063e-01
1.059e-01
1.055e-01
1.051e-01
1.047e-01
1.043e-01
1.039e-01
1.035e-01
1.031e-01
1.027e-01
1.023e-01
1.019e-01
1.015e-01
1.011e-01
1.007e-01
1.003e-01
9.992e-02
9.953e-02
9.915e-02
9.876e-02
9.838e-02
9.799e-02
9.761e-02
9.724e-02
9.686e-02
9.648e-02
9.611e-02
9.573e-02
9.536e-02
9.499e-02
9.462e-02
9.426e-02
9.389e-02
9.353e-02
9.316e-02
9.280e-02
9.244e-02
9.209e-02
9.173e-02
9.137e-02
9.102e-02
9.067e-02
9.031e-02
8.996e-02
8.961e-02
8.927e-02
8.892e-02
8.858e-02
8.823e-02
8.789e-02
8.755e-02
8.721e-02
8.687e-02
8.654e-02
8.620e-02
8.587e-02
8.554e-02
8.520e-02
8.487e-02
8.455e-02
8.422e-02
8.389e-02
8.357e-02
8.324e-02
8.292e-02
8.260e-02
8.228e-02
8.196e-02
8.165e-02
8.133e-02
8.101e-02
8.070e-02
8.039e-02
8.008e-02
7.977e-02
7.946e-02
7.915e-02
7.885e-02
7.854e-02
7.824e-02
7.793e-02
7.763e-02
7.733e-02
7.703e-02
7.674e-02
7.644e-02
7.614e-02
7.585e-02
7.556e-02
7.526e-02
7.497e-02
7.468e-02
7.440e-02
7.411e-02
7.382e-02
7.354e-02
7.325e-02
7.297e-02
7.269e-02
7.241e-02
7.213e-02
7.185e-02
7.157e-02
7.129e-02
7.102e-02
7.075e-02
7.047e-02
7.020e-02
6.993e-02
6.966e-02
6.939e-02
6.912e-02
6.886e-02
6.859e-02
6.833e-02
6.806e-02
6.780e-02
6.754e-02
6.728e-02
6.702e-02
6.676e-02
6.650e-02
6.625e-02
6.599e-02
6.574e-02
6.548e-02
6.523e-02
6.498e-02
6.473e-02
6.448e-02
6.423e-02
6.398e-02
6.374e-02
6.349e-02
6.325e-02
6.300e-02
6.276e-02
6.252e-02
6.228e-02
6.204e-02
6.180e-02
6.156e-02
6.132e-02
6.109e-02
6.085e-02
6.062e-02
6.038e-02
6.015e-02
5.992e-02
5.969e-02
5.946e-02
5.923e-02
5.900e-02
5.877e-02
5.855e-02
5.832e-02
5.810e-02
5.787e-02
5.765e-02
5.743e-02
5.721e-02
5.699e-02
5.677e-02
5.655e-02
5.633e-02
5.612e-02
5.590e-02
5.569e-02
5.547e-02
5.526e-02
5.505e-02
5.484e-02
5.462e-02
5.441e-02
5.421e-02
5.400e-02
5.379e-02
5.358e-02
5.338e-02
5.317e-02
5.297e-02
5.276e-02
5.256e-02
5.236e-02
5.216e-02
5.196e-02
5.176e-02
5.156e-02
5.136e-02
5.116e-02
5.097e-02
5.077e-02
5.058e-02
5.038e-02
5.019e-02
5.000e-02
4.981e-02
4.961e-02
4.942e-02
4.923e-02
4.905e-02
4.886e-02
4.867e-02
4.848e-02
4.830e-02
4.811e-02
4.793e-02
4.774e-02
4.756e-02
4.738e-02
4.720e-02
4.702e-02
4.683e-02
4.666e-02
4.648e-02
4.630e-02
4.612e-02
4.594e-02
4.577e-02
4.559e-02
4.542e-02
4.524e-02
4.507e-02
4.490e-02
4.473e-02
4.455e-02
4.438e-02
4.421e-02
4.404e-02
4.388e-02
4.371e-02
4.354e-02
4.337e-02
4.321e-02
4.304e-02
4.288e-02
4.271e-02
4.255e-02
4.239e-02
4.222e-02
4.206e-02
4.190e-02
4.174e-02
4.158e-02
4.142e-02
4.126e-02
4.111e-02
4.095e-02
4.079e-02
4.064e-02
4.048e-02
4.033e-02
4.017e-02
4.002e-02
3.986e-02
3.971e-02
3.956e-02
3.941e-02
3.926e-02
3.911e-02
3.896e-02
3.881e-02
3.866e-02
3.851e-02
3.837e-02
3.822e-02
3.807e-02
3.793e-02
3.778e-02
3.764e-02
3.750e-02
3.735e-02
3.721e-02
3.707e-02
3.693e-02
3.678e-02
3.664e-02
3.650e-02
3.636e-02
3.623e-02
3.609e-02
3.595e-02
3.581e-02
3.568e-02
3.554e-02
3.540e-02
3.527e-02
3.513e-02
3.500e-02
3.487e-02
3.473e-02
3.460e-02
3.447e-02
3.434e-02
3.421e-02
3.408e-02
3.395e-02
3.382e-02
3.369e-02
3.356e-02
3.343e-02
3.330e-02
3.318e-02
3.305e-02
3.292e-02
3.280e-02
3.267e-02
3.255e-02
3.242e-02
3.230e-02
3.218e-02
3.206e-02
3.193e-02
3.181e-02
3.169e-02
3.157e-02
3.145e-02
3.133e-02
3.121e-02
3.109e-02
3.097e-02
3.086e-02
3.074e-02
3.062e-02
3.050e-02
3.039e-02
3.027e-02
3.016e-02
3.004e-02
2.993e-02
2.981e-02
2.970e-02
2.959e-02
2.947e-02
2.936e-02
2.925e-02
2.914e-02
2.903e-02
2.892e-02
2.881e-02
2.870e-02
2.859e-02
2.848e-02
2.837e-02
2.826e-02
2.816e-02
2.805e-02
2.794e-02
2.784e-02
2.773e-02
2.763e-02
2.752e-02
2.742e-02
2.731e-02
2.721e-02
2.710e-02
2.700e-02
2.690e-02
2.680e-02
2.669e-02
2.659e-02
2.649e-02
2.639e-02
2.629e-02
2.619e-02
2.609e-02
2.599e-02
2.589e-02
2.580e-02
2.570e-02
2.560e-02
2.550e-02
2.541e-02
2.531e-02
2.521e-02
2.512e-02
2.502e-02
2.493e-02
2.483e-02
2.474e-02
2.464e-02
2.455e-02
2.446e-02
2.436e-02
2.427e-02
2.418e-02
2.409e-02
2.400e-02
2.391e-02
2.381e-02
2.372e-02
2.363e-02
2.354e-02
2.346e-02
2.337e-02
2.328e-02
2.319e-02
2.310e-02
2.301e-02
2.293e-02
2.284e-02
2.275e-02
2.267e-02
2.258e-02
2.250e-02
2.241e-02
2.232e-02
2.224e-02
2.216e-02
2.207e-02
2.199e-02
2.190e-02
2.182e-02
2.174e-02
2.166e-02
2.157e-02
2.149e-02
2.141e-02
2.133e-02
2.125e-02
2.117e-02
2.109e-02
2.101e-02
2.093e-02
2.085e-02
2.077e-02
2.069e-02
2.061e-02
2.054e-02
2.046e-02
2.038e-02
2.030e-02
2.023e-02
2.015e-02
2.007e-02
2.000e-02
1.992e-02
1.985e-02
1.977e-02
1.970e-02
1.962e-02
1.955e-02
1.947e-02
1.940e-02
1.933e-02
1.925e-02
1.918e-02
1.911e-02
1.904e-02
1.896e-02
1.889e-02
1.882e-02
1.875e-02
1.868e-02
1.861e-02
1.854e-02
1.847e-02
1.840e-02
1.833e-02
1.826e-02
1.819e-02
1.812e-02
1.805e-02
1.798e-02
1.792e-02
1.785e-02
1.778e-02
1.771e-02
1.765e-02
1.758e-02
1.751e-02
1.745e-02
1.738e-02
1.732e-02
1.725e-02
1.719e-02
1.712e-02
1.706e-02
1.699e-02
1.693e-02
1.686e-02
1.680e-02
1.674e-02
1.667e-02
1.661e-02
1.655e-02
1.648e-02
1.642e-02
1.636e-02
1.630e-02
1.624e-02
1.618e-02
1.611e-02
1.605e-02
1.599e-02
1.593e-02
1.587e-02
1.581e-02
1.575e-02
1.569e-02
1.563e-02
1.557e-02
1.552e-02
1.546e-02
1.540e-02
1.534e-02
1.528e-02
1.523e-02
1.517e-02
1.511e-02
1.505e-02
1.500e-02
1.494e-02
1.488e-02
1.483e-02
1.477e-02
1.472e-02
1.466e-02
1.461e-02
1.455e-02
1.450e-02
1.444e-02
1.439e-02
1.433e-02
1.428e-02
1.422e-02
1.417e-02
1.412e-02
1.406e-02
1.401e-02
1.396e-02
1.390e-02
1.385e-02
1.380e-02
1.375e-02
1.370e-02
1.364e-02
1.359e-02
1.354e-02
1.349e-02
1.344e-02
1.339e-02
1.334e-02
1.329e-02
1.324e-02
1.319e-02
1.314e-02
1.309e-02
1.304e-02
1.299e-02
1.294e-02
1.289e-02
1.284e-02
1.280e-02
1.275e-02
1.270e-02
1.265e-02
1.260e-02
1.256e-02
1.251e-02
1.246e-02
1.242e-02
1.237e-02
1.232e-02
1.228e-02
1.223e-02
1.218e-02
1.214e-02
1.209e-02
1.205e-02
1.200e-02
1.196e-02
1.191e-02
1.187e-02
1.182e-02
1.178e-02
1.173e-02
1.169e-02
1.164e-02
1.160e-02
1.156e-02
1.151e-02
1.147e-02
1.143e-02
1.138e-02
1.134e-02
1.130e-02
1.125e-02
1.121e-02
1.117e-02
1.113e-02
1.109e-02
1.104e-02
1.100e-02
1.096e-02
1.092e-02
1.088e-02
1.084e-02
1.080e-02
1.076e-02
1.072e-02
1.068e-02
1.064e-02
1.060e-02
1.056e-02
1.052e-02
1.048e-02
1.044e-02
1.040e-02
1.036e-02
1.032e-02
1.028e-02
1.024e-02
1.020e-02
1.016e-02
1.013e-02
1.009e-02
1.005e-02
1.001e-02
9.975e-03
9.937e-03
9.900e-03
9.863e-03
9.826e-03
9.789e-03
9.752e-03
9.715e-03
9.678e-03
9.642e-03
9.606e-03
9.570e-03
9.534e-03
9.498e-03
9.462e-03
9.426e-03
9.391e-03
9.355e-03
9.320e-03
9.285e-03
9.250e-03
9.215e-03
9.181e-03
9.146e-03
9.112e-03
9.077e-03
9.043e-03
9.009e-03
8.975e-03
8.941e-03
8.908e-03
8.874e-03
8.841e-03
8.808e-03
8.774e-03
8.741e-03
8.708e-03
8.676e-03
8.643e-03
8.611e-03
8.578e-03
8.546e-03
8.514e-03
8.482e-03
8.450e-03
8.418e-03
8.386e-03
8.355e-03
8.323e-03
8.292e-03
8.261e-03
8.229e-03
8.198e-03
8.168e-03
8.137e-03
8.106e-03
8.076e-03
8.045e-03
8.015e-03
7.985e-03
7.955e-03
7.925e-03
7.895e-03
7.865e-03
7.836e-03
7.806e-03
7.777e-03
7.747e-03
7.718e-03
7.689e-03
7.660e-03
7.631e-03
7.603e-03
7.574e-03
7.545e-03
7.517e-03
7.489e-03
7.461e-03
7.432e-03
7.404e-03
7.377e-03
7.349e-03
7.321e-03
7.293e-03
7.266e-03
7.239e-03
7.211e-03
7.184e-03
7.157e-03
7.131e-03
7.104e-03
7.077e-03
7.051e-03
7.024e-03
6.998e-03
6.971e-03
6.945e-03
6.919e-03
6.893e-03
6.867e-03
6.842e-03
6.816e-03
6.790e-03
6.765e-03
6.739e-03
6.714e-03
6.689e-03
6.664e-03
6.639e-03
6.614e-03
6.589e-03
6.564e-03
6.540e-03
6.515e-03
6.491e-03
6.466e-03
6.442e-03
6.418e-03
6.394e-03
6.370e-03
6.346e-03
6.322e-03
6.298e-03
6.274e-03
6.251e-03
6.227e-03
6.204e-03
6.181e-03
6.157e-03
6.134e-03
6.111e-03
6.088e-03
6.065e-03
6.042e-03
6.020e-03
5.997e-03
5.975e-03
5.952e-03
5.930e-03
5.907e-03
5.885e-03
5.863e-03
5.841e-03
5.819e-03
5.797e-03
5.775e-03
5.754e-03
5.732e-03
5.710e-03
5.689e-03
5.668e-03
5.646e-03
5.625e-03
5.604e-03
5.583e-03
5.562e-03
5.541e-03
5.520e-03
5.499e-03
5.478e-03
5.458e-03
5.437e-03
5.417e-03
5.396e-03
5.376e-03
5.356e-03
5.336e-03
5.316e-03
5.296e-03
5.276e-03
5.256e-03
5.236e-03
5.216e-03
5.197e-03
5.177e-03
5.158e-03
5.138e-03
5.119e-03
5.099e-03
5.080e-03
5.061e-03
5.042e-03
5.023e-03
5.004e-03
4.985e-03
4.966e-03
4.948e-03
4.929e-03
4.910e-03
4.892e-03
4.873e-03
4.855e-03
4.837e-03
4.818e-03
4.800e-03
4.782e-03
4.764e-03
4.746e-03
4.728e-03
4.710e-03
4.693e-03
4.675e-03
4.657e-03
4.640e-03
4.622e-03
4.605e-03
4.587e-03
4.570e-03
4.553e-03
4.535e-03
4.518e-03
4.501e-03
4.484e-03
4.467e-03
4.450e-03
4.433e-03
4.417e-03
4.400e-03
4.383e-03
4.367e-03
4.350e-03
4.334e-03
4.317e-03
4.301e-03
4.285e-03
4.269e-03
4.252e-03
4.236e-03
4.220e-03
4.204e-03
4.188e-03
4.172e-03
4.157e-03
4.141e-03
4.125e-03
4.110e-03
4.094e-03
4.079e-03
4.063e-03
4.048e-03
4.032e-03
4.017e-03
4.002e-03
3.987e-03
3.971e-03
3.956e-03
3.941e-03
3.926e-03
3.912e-03
3.897e-03
3.882e-03
3.867e-03
3.852e-03
3.838e-03
3.823e-03
3.809e-03
3.794e-03
3.780e-03
3.765e-03
3.751e-03
3.737e-03
3.723e-03
3.708e-03
3.694e-03
3.680e-03
3.666e-03
3.652e-03
3.638e-03
3.625e-03
3.611e-03
3.597e-03
3.583e-03
3.570e-03
3.556e-03
3.543e-03
3.529e-03
3.516e-03
3.502e-03
3.489e-03
3.476e-03
3.462e-03
3.449e-03
3.436e-03
3.423e-03
3.410e-03
3.397e-03
3.384e-03
3.371e-03
3.358e-03
3.345e-03
3.332e-03
3.320e-03
3.307e-03
3.294e-03
3.282e-03
3.269e-03
3.257e-03
3.244e-03
3.232e-03
3.219e-03
3.207e-03
3.195e-03
3.183e-03
3.170e-03
3.158e-03
3.146e-03
3.134e-03
3.122e-03
3.110e-03
3.098e-03
3.086e-03
3.074e-03
3.063e-03
3.051e-03
3.039e-03
3.028e-03
3.016e-03
3.004e-03
2.993e-03
2.981e-03
2.970e-03
2.958e-03
2.947e-03
2.936e-03
2.924e-03
2.913e-03
2.902e-03
2.891e-03
2.880e-03
2.869e-03
2.858e-03
2.847e-03
2.836e-03
2.825e-03
2.814e-03
2.803e-03
2.792e-03
2.781e-03
2.771e-03
2.760e-03
2.749e-03
2.739e-03
2.728e-03
2.718e-03
2.707e-03
2.697e-03
2.686e-03
2.676e-03
2.665e-03
2.655e-03
2.645e-03
2.635e-03
2.624e-03
2.614e-03
2.604e-03
2.594e-03
2.584e-03
2.574e-03
2.564e-03
2.554e-03
2.544e-03
2.534e-03
2.524e-03
2.515e-03
2.505e-03
2.495e-03
2.485e-03
2.476e-03
2.466e-03
2.457e-03
2.447e-03
2.437e-03
2.428e-03
2.419e-03
2.409e-03
2.400e-03
2.390e-03
2.381e-03
2.372e-03
2.363e-03
2.353e-03
2.344e-03
2.335e-03
2.326e-03
2.317e-03
2.308e-03
2.299e-03
2.290e-03
2.281e-03
2.272e-03
2.263e-03
2.254e-03
2.245e-03
2.236e-03
2.228e-03
2.219e-03
2.210e-03
2.202e-03
2.193e-03
2.184e-03
2.176e-03
2.167e-03
2.159e-03
2.150e-03
2.142e-03
2.133e-03
2.125e-03
2.117e-03
2.108e-03
2.100e-03
2.092e-03
2.083e-03
2.075e-03
2.067e-03
2.059e-03
2.051e-03
2.043e-03
2.035e-03
2.027e-03
2.019e-03
2.011e-03
2.003e-03
1.995e-03
1.987e-03
1.979e-03
1.971e-03
1.963e-03
1.956e-03
1.948e-03
1.940e-03
1.933e-03
1.925e-03
1.918e-03
1.910e-03
1.902e-03
1.895e-03
1.887e-03
1.880e-03
1.873e-03
1.865e-03
1.858e-03
1.850e-03
1.843e-03
1.836e-03
1.829e-03
1.821e-03
1.814e-03
1.807e-03
1.800e-03
1.793e-03
1.786e-03
1.778e-03
1.771e-03
1.764e-03
1.757e-03
1.750e-03
1.743e-03
1.736e-03
1.730e-03
1.723e-03
1.716e-03
1.709e-03
1.702e-03
1.695e-03
1.689e-03
1.682e-03
1.675e-03
1.668e-03
1.662e-03
1.655e-03
1.648e-03
1.642e-03
1.635e-03
1.629e-03
1.622e-03
1.616e-03
1.609e-03
1.603e-03
1.596e-03
1.590e-03
1.583e-03
1.577e-03
1.571e-03
1.564e-03
1.558e-03
1.552e-03
1.546e-03
1.539e-03
1.533e-03
1.527e-03
1.521e-03
1.515e-03
1.508e-03
1.502e-03
1.496e-03
1.490e-03
1.484e-03
1.478e-03
1.472e-03
1.466e-03
1.460e-03
1.454e-03
1.448e-03
1.442e-03
1.437e-03
1.431e-03
1.425e-03
1.419e-03
1.413e-03
1.407e-03
1.402e-03
1.396e-03
1.390e-03
1.385e-03
1.379e-03
1.373e-03
1.368e-03
1.362e-03
1.356e-03
1.351e-03
1.345e-03
1.340e-03
1.334e-03
1.329e-03
1.323e-03
1.318e-03
1.312e-03
1.307e-03
1.302e-03
1.296e-03
1.291e-03
1.286e-03
1.280e-03
1.275e-03
1.270e-03
1.264e-03
1.259e-03
1.254e-03
1.249e-03
1.243e-03
1.238e-03
1.233e-03
1.228e-03
1.223e-03
1.218e-03
1.213e-03
1.208e-03
1.203e-03
1.198e-03
1.193e-03
1.188e-03
1.183e-03
1.178e-03
1.173e-03
1.168e-03
1.163e-03
1.158e-03
1.153e-03
1.148e-03
1.143e-03
1.139e-03
1.134e-03
1.129e-03
1.124e-03
1.119e-03
1.115e-03
1.110e-03
1.105e-03
1.101e-03
1.096e-03
1.091e-03
1.087e-03
1.082e-03
1.077e-03
1.073e-03
1.068e-03
1.064e-03
1.059e-03
1.055e-03
1.050e-03
1.046e-03
1.041e-03
1.037e-03
1.032e-03
1.028e-03
1.023e-03
1.019e-03
1.015e-03
1.010e-03
1.006e-03
1.002e-03
9.973e-04
9.931e-04
9.888e-04
9.846e-04
9.804e-04
9.762e-04
9.720e-04
9.678e-04
9.637e-04
9.595e-04
9.554e-04
9.513e-04
9.472e-04
9.431e-04
9.390e-04
9.350e-04
9.309e-04
9.269e-04
9.229e-04
9.189e-04
9.149e-04
9.109e-04
9.070e-04
9.030e-04
8.991e-04
8.952e-04
8.913e-04
8.874e-04
8.835e-04
8.796e-04
8.758e-04
8.719e-04
8.681e-04
8.643e-04
8.605e-04
8.567e-04
8.529e-04
8.492e-04
8.454e-04
8.417e-04
8.380e-04
8.343e-04
8.306e-04
8.269e-04
8.232e-04
8.196e-04
8.159e-04
8.123e-04
8.087e-04
8.050e-04
8.014e-04
7.979e-04
7.943e-04
7.907e-04
7.872e-04
7.837e-04
7.801e-04
7.766e-04
7.731e-04
7.696e-04
7.662e-04
7.627e-04
7.593e-04
7.558e-04
7.524e-04
7.490e-04
7.456e-04
7.422e-04
7.388e-04
7.354e-04
7.321e-04
7.287e-04
7.254e-04
7.221e-04
7.188e-04
7.155e-04
7.122e-04
7.089e-04
7.056e-04
7.024e-04
6.991e-04
6.959e-04
6.927e-04
6.895e-04
6.863e-04
6.831e-04
6.799e-04
6.768e-04
6.737e-04
6.706e-04
6.675e-04
6.644e-04
6.613e-04
6.583e-04
6.552e-04
6.522e-04
6.492e-04
6.462e-04
6.432e-04
6.402e-04
6.372e-04
6.343e-04
6.313e-04
6.284e-04
6.254e-04
6.225e-04
6.196e-04
6.167e-04
6.138e-04
6.109e-04
6.080e-04
6.052e-04
6.023e-04
5.995e-04
5.966e-04
5.938e-04
5.910e-04
5.882e-04
5.854e-04
5.826e-04
5.798e-04
5.770e-04
5.743e-04
5.715e-04
5.688e-04
5.661e-04
5.633e-04
5.606e-04
5.579e-04
5.552e-04
5.525e-04
5.499e-04
5.472e-04
5.445e-04
5.419e-04
5.392e-04
5.366e-04
5.340e-04
5.314e-04
5.288e-04
5.262e-04
5.236e-04
5.210e-04
5.184e-04
5.158e-04
5.133e-04
5.108e-04
5.083e-04
5.058e-04
5.033e-04
5.008e-04
4.983e-04
4.959e-04
4.935e-04
4.911e-04
4.887e-04
4.862e-04
4.839e-04
4.815e-04
4.791e-04
4.767e-04
4.744e-04
4.720e-04
4.697e-04
4.673e-04
4.650e-04
4.627e-04
4.603e-04
4.580e-04
4.557e-04
4.534e-04
4.512e-04
4.489e-04
4.466e-04
4.444e-04
4.421e-04
4.399e-04
4.376e-04
4.354e-04
4.332e-04
4.309e-04
4.287e-04
4.265e-04
4.243e-04
4.221e-04
4.200e-04
4.178e-04
4.156e-04
4.135e-04
4.113e-04
4.092e-04
4.071e-04
4.050e-04
4.029e-04
4.009e-04
3.988e-04
3.967e-04
3.947e-04
3.927e-04
3.907e-04
3.886e-04
3.866e-04
3.846e-04
3.826e-04
3.807e-04
3.787e-04
3.767e-04
3.747e-04
3.728e-04
3.708e-04
3.689e-04
3.669e-04
3.650e-04
3.631e-04
3.612e-04
3.592e-04
3.573e-04
3.554e-04
3.535e-04
3.517e-04
3.498e-04
3.479e-04
3.460e-04
3.442e-04
3.424e-04
3.423e-04
3.426e-04
3.429e-04
3.432e-04
3.435e-04
3.438e-04
3.441e-04
3.444e-04
3.447e-04
3.450e-04
3.453e-04
3.456e-04
3.460e-04
3.463e-04
3.466e-04
3.469e-04
3.472e-04
3.475e-04
3.478e-04
3.481e-04
3.484e-04
3.487e-04
3.490e-04
3.493e-04
3.497e-04
3.500e-04
3.503e-04
3.506e-04
3.509e-04
3.511e-04
3.514e-04
3.517e-04
3.520e-04
3.523e-04
3.526e-04
3.529e-04
3.531e-04
3.534e-04
3.537e-04
3.539e-04
3.542e-04
3.545e-04
3.547e-04
3.550e-04
3.553e-04
3.555e-04
3.558e-04
3.560e-04
3.563e-04
3.565e-04
3.568e-04
3.570e-04
3.572e-04
3.575e-04
3.577e-04
3.580e-04
3.582e-04
3.584e-04
3.586e-04
3.589e-04
3.591e-04
3.593e-04
3.595e-04
3.598e-04
3.600e-04
3.602e-04
3.605e-04
3.607e-04
3.609e-04
3.612e-04
3.614e-04
3.616e-04
3.619e-04
3.621e-04
3.624e-04
3.626e-04
3.628e-04
3.630e-04
3.633e-04
3.635e-04
3.637e-04
3.639e-04
3.642e-04
3.644e-04
3.646e-04
3.648e-04
3.650e-04
3.652e-04
3.654e-04
3.656e-04
3.658e-04
3.660e-04
3.662e-04
3.664e-04
3.666e-04
3.668e-04
3.670e-04
3.672e-04
3.674e-04
3.676e-04
3.678e-04
3.679e-04
3.681e-04
3.683e-04
3.685e-04
3.687e-04
3.688e-04
3.690e-04
3.692e-04
3.693e-04
3.695e-04
3.697e-04
3.698e-04
3.700e-04
3.702e-04
3.703e-04
3.705e-04
3.706e-04
3.708e-04
3.709e-04
3.711e-04
3.712e-04
3.714e-04
3.715e-04
3.717e-04
3.718e-04
3.720e-04
3.721e-04
3.722e-04
3.724e-04
3.725e-04
3.726e-04
3.728e-04
3.729e-04
3.730e-04
3.732e-04
3.733e-04
3.734e-04
3.736e-04
3.737e-04
3.738e-04
3.740e-04
3.741e-04
3.742e-04
3.744e-04
3.745e-04
3.746e-04
3.748e-04
3.749e-04
3.750e-04
3.752e-04
3.753e-04
3.754e-04
3.756e-04
3.757e-04
3.758e-04
3.759e-04
3.761e-04
3.762e-04
3.763e-04
3.764e-04
3.766e-04
3.767e-04
3.768e-04
3.769e-04
3.770e-04
3.771e-04
3.772e-04
3.773e-04
3.774e-04
3.776e-04
3.777e-04
3.778e-04
3.779e-04
3.780e-04
3.781e-04
3.782e-04
3.783e-04
3.784e-04
3.785e-04
3.785e-04
3.786e-04
3.787e-04
3.788e-04
3.789e-04
3.790e-04
3.791e-04
3.792e-04
3.793e-04
3.793e-04
3.794e-04
3.795e-04
3.796e-04
3.797e-04
3.797e-04
3.798e-04
3.799e-04
3.800e-04
3.800e-04
3.801e-04
3.802e-04
3.802e-04
3.803e-04
3.804e-04
3.804e-04
3.805e-04
3.806e-04
3.806e-04
3.807e-04
3.808e-04
3.808e-04
3.809e-04
3.809e-04
3.810e-04
3.811e-04
3.811e-04
3.812e-04
3.812e-04
3.813e-04
3.813e-04
3.814e-04
3.814e-04
3.815e-04
3.815e-04
3.816e-04
3.816e-04
3.817e-04
3.817e-04
3.817e-04
3.818e-04
3.818e-04
3.819e-04
3.819e-04
3.819e-04
3.820e-04
3.820e-04
3.821e-04
3.821e-04
3.821e-04
3.822e-04
3.822e-04
3.822e-04
3.823e-04
3.823e-04
3.823e-04
3.823e-04
3.824e-04
3.824e-04
3.824e-04
3.824e-04
3.825e-04
3.825e-04
3.825e-04
3.825e-04
3.826e-04
3.826e-04
3.826e-04
3.826e-04
3.826e-04
3.827e-04
3.827e-04
3.827e-04
3.827e-04
3.827e-04
3.828e-04
3.828e-04
3.828e-04
3.828e-04
3.829e-04
3.829e-04
3.829e-04
3.829e-04
3.830e-04
3.830e-04
3.830e-04
3.830e-04
3.831e-04
3.831e-04
3.831e-04
3.831e-04
3.831e-04
3.832e-04
3.832e-04
3.832e-04
3.832e-04
3.832e-04
3.832e-04
3.832e-04
3.833e-04
3.833e-04
3.833e-04
3.833e-04
3.833e-04
3.833e-04
3.833e-04
3.833e-04
3.833e-04
3.833e-04
3.834e-04
3.834e-04
3.834e-04
3.834e-04
3.834e-04
3.834e-04
3.834e-04
3.834e-04
3.834e-04
3.834e-04
3.834e-04
3.834e-04
3.834e-04
3.834e-04
3.834e-04
3.834e-04
3.834e-04
3.834e-04
3.834e-04
3.834e-04
3.834e-04
3.834e-04
3.833e-04
3.833e-04
3.833e-04
3.833e-04
3.833e-04
3.833e-04
3.833e-04
3.833e-04
3.833e-04
3.833e-04
3.833e-04
3.832e-04
3.832e-04
3.832e-04
3.832e-04
3.832e-04
3.832e-04
3.832e-04
3.831e-04
3.831e-04
3.831e-04
3.831e-04
3.831e-04
3.831e-04
3.830e-04
3.830e-04
3.830e-04
3.830e-04
3.830e-04
3.829e-04
3.829e-04
3.829e-04
3.829e-04
3.829e-04
3.828e-04
3.828e-04
3.828e-04
3.828e-04
3.827e-04
3.827e-04
3.827e-04
3.827e-04
3.826e-04
3.826e-04
3.826e-04
3.826e-04
3.825e-04
3.825e-04
3.825e-04
3.824e-04
3.824e-04
3.824e-04
3.824e-04
3.823e-04
3.823e-04
3.823e-04
3.822e-04
3.822e-04
3.822e-04
3.821e-04
3.821e-04
3.821e-04
3.820e-04
3.820e-04
3.820e-04
3.819e-04
3.819e-04
3.819e-04
3.818e-04
3.818e-04
3.818e-04
3.817e-04
3.817e-04
3.816e-04
3.816e-04
3.816e-04
3.815e-04
3.815e-04
3.815e-04
3.814e-04
3.814e-04
3.813e-04
3.813e-04
3.813e-04
3.812e-04
3.812e-04
3.811e-04
3.811e-04
3.810e-04
3.810e-04
3.810e-04
3.809e-04
3.809e-04
3.808e-04
3.808e-04
3.807e-04
3.807e-04
3.807e-04
3.806e-04
3.806e-04
3.805e-04
3.805e-04
3.804e-04
3.804e-04
3.803e-04
3.803e-04
3.803e-04
3.802e-04
3.802e-04
3.801e-04
3.801e-04
3.800e-04
3.800e-04
3.799e-04
3.799e-04
3.798e-04
3.798e-04
3.797e-04
3.797e-04
3.796e-04
3.796e-04
3.795e-04
3.795e-04
3.794e-04
3.794e-04
3.793e-04
3.793e-04
3.792e-04
3.792e-04
3.791e-04
3.791e-04
3.790e-04
3.790e-04
3.789e-04
3.789e-04
3.788e-04
3.788e-04
3.787e-04
3.787e-04
3.786e-04
3.785e-04
3.785e-04
3.784e-04
3.784e-04
3.783e-04
3.783e-04
3.782e-04
3.782e-04
3.781e-04
3.781e-04
3.780e-04
3.779e-04
3.779e-04
3.778e-04
3.778e-04
3.777e-04
3.777e-04
3.776e-04
3.776e-04
3.775e-04
3.774e-04
3.774e-04
3.773e-04
3.773e-04
3.772e-04
3.772e-04
3.771e-04
3.770e-04
3.770e-04
3.769e-04
3.769e-04
3.768e-04
3.768e-04
3.767e-04
3.766e-04
3.766e-04
3.765e-04
3.765e-04
3.764e-04
3.763e-04
3.763e-04
3.762e-04
3.762e-04
3.761e-04
3.760e-04
3.760e-04
3.759e-04
3.759e-04
3.758e-04
3.757e-04
3.757e-04
3.756e-04
3.756e-04
3.755e-04
3.754e-04
3.754e-04
3.753e-04
3.753e-04
3.752e-04
3.752e-04
3.751e-04
3.750e-04
3.750e-04
3.749e-04
3.749e-04
3.748e-04
3.748e-04
3.747e-04
3.747e-04
3.746e-04
3.745e-04
3.745e-04
3.744e-04
3.744e-04
3.743e-04
3.743e-04
3.742e-04
3.742e-04
3.741e-04
3.740e-04
3.740e-04
3.739e-04
3.739e-04
3.738e-04
3.738e-04
3.737e-04
3.736e-04
3.736e-04
3.735e-04
3.735e-04
3.734e-04
3.734e-04
3.733e-04
3.733e-04
3.732e-04
3.731e-04
3.731e-04
3.730e-04
3.730e-04
3.729e-04
3.729e-04
3.728e-04
3.727e-04
3.727e-04
3.726e-04
3.726e-04
3.725e-04
3.724e-04
3.724e-04
3.723e-04
3.723e-04
3.722e-04
3.722e-04
3.721e-04
3.720e-04
3.720e-04
3.719e-04
3.719e-04
3.718e-04
3.718e-04
3.717e-04
3.716e-04
3.716e-04
3.715e-04
3.715e-04
3.714e-04
3.713e-04
3.713e-04
3.712e-04
3.712e-04
3.711e-04
3.710e-04
3.710e-04
3.709e-04
3.709e-04
3.708e-04
3.708e-04
3.707e-04
3.706e-04
3.706e-04
3.705e-04
3.705e-04
3.704e-04
3.703e-04
3.703e-04
3.702e-04
3.702e-04
3.701e-04
3.700e-04
3.700e-04
3.699e-04
3.699e-04
3.698e-04
3.697e-04
3.697e-04
3.696e-04
3.696e-04
3.695e-04
3.695e-04
3.694e-04
3.693e-04
3.693e-04
3.692e-04
3.692e-04
3.691e-04
3.690e-04
3.690e-04
3.689e-04
3.689e-04
3.688e-04
3.687e-04
3.687e-04
3.686e-04
3.686e-04
3.685e-04
3.684e-04
3.684e-04
3.683e-04
3.683e-04
3.682e-04
3.681e-04
3.681e-04
3.680e-04
3.680e-04
3.679e-04
3.678e-04
3.678e-04
3.677e-04
3.677e-04
3.676e-04
3.676e-04
3.675e-04
3.674e-04
3.674e-04
3.673e-04
3.673e-04
3.672e-04
3.671e-04
3.671e-04
3.670e-04
3.670e-04
3.669e-04
3.668e-04
3.668e-04
3.667e-04
3.667e-04
3.666e-04
3.665e-04
3.665e-04
3.664e-04
3.664e-04
3.663e-04
3.662e-04
3.662e-04
3.661e-04
3.661e-04
3.660e-04
3.660e-04
3.659e-04
3.658e-04
3.658e-04
3.657e-04
3.657e-04
3.656e-04
3.655e-04
3.655e-04
3.654e-04
3.654e-04
3.653e-04
3.653e-04
3.652e-04
3.651e-04
3.651e-04
3.650e-04
3.650e-04
3.649e-04
3.648e-04
3.648e-04
3.647e-04
3.647e-04
3.646e-04
3.646e-04
3.645e-04
3.644e-04
3.644e-04
3.643e-04
3.643e-04
3.642e-04
3.641e-04
3.641e-04
3.640e-04
3.640e-04
3.639e-04
3.639e-04
3.638e-04
3.637e-04
3.637e-04
3.636e-04
3.636e-04
3.635e-04
3.635e-04
3.634e-04
3.633e-04
3.633e-04
3.632e-04
3.632e-04
3.631e-04
3.631e-04
3.630e-04
3.629e-04
3.629e-04
3.628e-04
3.628e-04
3.627e-04
3.627e-04
3.626e-04
3.625e-04
3.625e-04
3.624e-04
3.624e-04
3.623e-04
3.623e-04
3.622e-04
3.622e-04
3.621e-04
3.620e-04
3.620e-04
3.619e-04
3.619e-04
3.618e-04
3.618e-04
3.617e-04
3.616e-04
3.616e-04
3.615e-04
3.615e-04
3.614e-04
3.614e-04
3.613e-04
3.613e-04
3.612e-04
3.611e-04
3.611e-04
3.610e-04
3.610e-04
3.609e-04
3.609e-04
3.608e-04
3.608e-04
3.607e-04
3.607e-04
3.606e-04
3.605e-04
3.605e-04
3.604e-04
3.604e-04
3.603e-04
3.603e-04
3.602e-04
3.602e-04
3.601e-04
3.601e-04
3.600e-04
3.599e-04
3.599e-04
3.598e-04
3.598e-04
3.597e-04
3.597e-04
3.596e-04
3.596e-04
3.595e-04
3.595e-04
3.594e-04
3.594e-04
3.593e-04
3.592e-04
3.592e-04
3.591e-04
3.591e-04
3.590e-04
3.590e-04
3.589e-04
3.589e-04
3.588e-04
3.588e-04
3.587e-04
3.587e-04
3.586e-04
3.586e-04
3.585e-04
3.585e-04
3.584e-04
3.584e-04
3.583e-04
3.582e-04
3.582e-04
3.581e-04
3.581e-04
3.580e-04
3.580e-04
3.579e-04
3.579e-04
3.578e-04
3.578e-04
3.577e-04
3.577e-04
3.576e-04
3.576e-04
3.575e-04
3.575e-04
3.574e-04
3.574e-04
3.573e-04
3.573e-04
3.572e-04
3.572e-04
3.571e-04
3.571e-04
3.570e-04
3.570e-04
3.569e-04
3.569e-04
3.568e-04
3.568e-04
3.567e-04
3.567e-04
3.566e-04
3.566e-04
3.565e-04
3.565e-04
3.564e-04
3.564e-04
3.563e-04
3.563e-04
3.562e-04
3.562e-04
3.561e-04
3.561e-04
3.560e-04
3.560e-04
3.559e-04
3.559e-04
3.558e-04
3.558e-04
3.557e-04
3.557e-04
3.556e-04
3.556e-04
3.555e-04
3.555e-04
3.554e-04
3.554e-04
3.554e-04
3.553e-04
3.553e-04
3.552e-04
3.552e-04
3.551e-04
3.551e-04
3.550e-04
3.550e-04
3.549e-04
3.549e-04
3.548e-04
3.548e-04
3.547e-04
3.547e-04
3.546e-04
3.546e-04
3.545e-04
3.545e-04
3.545e-04
3.544e-04
3.544e-04
3.543e-04
3.543e-04
3.542e-04
3.542e-04
3.541e-04
3.541e-04
3.540e-04
3.540e-04
3.539e-04
3.539e-04
3.539e-04
3.538e-04
3.538e-04
3.537e-04
3.537e-04
3.536e-04
3.536e-04
3.535e-04
3.535e-04
3.534e-04
3.534e-04
3.534e-04
3.533e-04
3.533e-04
3.532e-04
3.532e-04
3.531e-04
3.531e-04
3.530e-04
3.530e-04
3.530e-04
3.529e-04
3.529e-04
3.528e-04
3.528e-04
3.527e-04
3.527e-04
3.526e-04
3.526e-04
3.526e-04
3.525e-04
3.525e-04
3.524e-04
3.524e-04
3.523e-04
3.523e-04
3.523e-04
3.522e-04
3.522e-04
3.521e-04
3.521e-04
3.520e-04
3.520e-04
3.520e-04
3.519e-04
3.519e-04
3.518e-04
3.518e-04
3.517e-04
3.517e-04
3.517e-04
3.516e-04
3.516e-04
3.515e-04
3.515e-04
3.515e-04
3.514e-04
3.514e-04
3.513e-04
3.513e-04
3.512e-04
3.512e-04
3.512e-04
3.511e-04
3.511e-04
3.510e-04
3.510e-04
3.510e-04
3.509e-04
3.509e-04
3.508e-04
3.508e-04
3.508e-04
3.507e-04
3.507e-04
3.506e-04
3.506e-04
3.506e-04
3.505e-04
3.505e-04
3.504e-04
3.504e-04
3.504e-04
3.503e-04
3.503e-04
3.502e-04
3.502e-04
3.502e-04
3.501e-04
3.501e-04
3.500e-04
3.500e-04
3.500e-04
3.499e-04
3.499e-04
3.498e-04
3.498e-04
3.498e-04
3.497e-04
3.497e-04
3.497e-04
3.496e-04
3.496e-04
3.495e-04
3.495e-04
3.495e-04
3.494e-04
3.494e-04
3.493e-04
3.493e-04
3.493e-04
3.492e-04
3.492e-04
3.492e-04
3.491e-04
3.491e-04
3.490e-04
3.490e-04
3.490e-04
3.489e-04
3.489e-04
3.489e-04
3.488e-04
3.488e-04
3.488e-04
3.487e-04
3.487e-04
3.486e-04
3.486e-04
3.486e-04
3.485e-04
3.485e-04
3.485e-04
3.484e-04
3.484e-04
3.484e-04
3.483e-04
3.483e-04
3.482e-04
3.482e-04
3.482e-04
3.481e-04
3.481e-04
3.481e-04
3.480e-04
3.480e-04
3.480e-04
3.479e-04
3.479e-04
3.479e-04
3.478e-04
3.478e-04
3.478e-04
3.477e-04
3.477e-04
3.477e-04
3.476e-04
3.476e-04
3.475e-04
3.475e-04
3.475e-04
3.474e-04
3.474e-04
3.474e-04
3.473e-04
3.473e-04
3.473e-04
3.472e-04
3.472e-04
3.472e-04
3.471e-04
3.471e-04
3.471e-04
3.470e-04
3.470e-04
3.470e-04
3.469e-04
3.469e-04
3.469e-04
3.468e-04
3.468e-04
3.468e-04
3.467e-04
3.467e-04
3.467e-04
3.466e-04
3.466e-04
3.466e-04
3.466e-04
3.465e-04
3.465e-04
3.465e-04
3.464e-04
3.464e-04
3.464e-04
3.463e-04
3.463e-04
3.463e-04
3.462e-04
3.462e-04
3.462e-04
3.461e-04
3.461e-04
3.461e-04
3.460e-04
3.460e-04
3.460e-04
3.460e-04
3.459e-04
3.459e-04
3.459e-04
3.458e-04
3.458e-04
3.458e-04
3.457e-04
3.457e-04
3.457e-04
3.456e-04
3.456e-04
3.456e-04
3.456e-04
3.455e-04
3.455e-04
3.455e-04
3.454e-04
3.454e-04
3.454e-04
3.453e-04
3.453e-04
3.453e-04
3.453e-04
3.452e-04
3.452e-04
3.452e-04
3.451e-04
3.451e-04
3.451e-04
3.450e-04
3.450e-04
3.450e-04
3.450e-04
3.449e-04
3.449e-04
3.449e-04
3.448e-04
3.448e-04
3.448e-04
3.448e-04
3.447e-04
3.447e-04
3.447e-04
3.446e-04
3.446e-04
3.446e-04
3.446e-04
3.445e-04
3.445e-04
3.445e-04
3.445e-04
3.444e-04
3.444e-04
3.444e-04
3.443e-04
3.443e-04
3.443e-04
3.443e-04
3.442e-04
3.442e-04
3.442e-04
3.442e-04
3.441e-04
3.441e-04
3.441e-04
3.440e-04
3.440e-04
3.440e-04
3.440e-04
3.439e-04
3.439e-04
3.439e-04
3.439e-04
3.438e-04
3.438e-04
3.438e-04
3.438e-04
3.437e-04
3.437e-04
3.437e-04
3.436e-04
3.436e-04
3.436e-04
3.436e-04
3.435e-04
3.435e-04
3.435e-04
3.435e-04
3.434e-04
3.434e-04
3.434e-04
3.434e-04
3.433e-04
3.433e-04
3.433e-04
3.433e-04
3.432e-04
3.432e-04
3.432e-04
3.432e-04
3.431e-04
3.431e-04
3.431e-04
3.431e-04
3.430e-04
3.430e-04
3.430e-04
3.430e-04
3.429e-04
3.429e-04
3.429e-04
3.429e-04
3.428e-04
3.428e-04
3.428e-04
3.428e-04
3.427e-04
3.427e-04
3.427e-04
3.427e-04
3.427e-04
3.426e-04
3.426e-04
3.426e-04
3.426e-04
3.425e-04
3.425e-04
3.425e-04
3.425e-04
3.424e-04
3.424e-04
3.424e-04
3.424e-04
3.423e-04
3.423e-04
3.423e-04
3.423e-04
3.423e-04
3.422e-04
3.422e-04
3.422e-04
3.422e-04
3.421e-04
3.421e-04
3.421e-04
3.421e-04
3.421e-04
3.420e-04
3.420e-04
3.420e-04
3.420e-04
3.419e-04
3.419e-04
3.419e-04
3.419e-04
3.419e-04
3.418e-04
3.418e-04
3.418e-04
3.418e-04
3.417e-04
3.417e-04
3.417e-04
3.417e-04
3.417e-04
3.416e-04
3.416e-04
3.416e-04
3.416e-04
3.416e-04
3.415e-04
3.415e-04
3.415e-04
3.415e-04
3.414e-04
3.414e-04
3.414e-04
3.414e-04
3.414e-04
3.413e-04
3.413e-04
3.413e-04
3.413e-04
3.413e-04
3.412e-04
3.412e-04
3.412e-04
3.412e-04
3.412e-04
3.411e-04
3.411e-04
3.411e-04
3.411e-04
3.411e-04
3.410e-04
3.410e-04
3.410e-04
3.410e-04
3.410e-04
3.409e-04
3.409e-04
3.409e-04
3.409e-04
3.409e-04
3.408e-04
3.408e-04
3.408e-04
3.408e-04
3.408e-04
3.407e-04
3.407e-04
3.407e-04
3.407e-04
3.407e-04
3.406e-04
3.406e-04
3.406e-04
3.406e-04
3.406e-04
3.406e-04
3.405e-04
3.405e-04
3.405e-04
3.405e-04
3.405e-04
3.404e-04
3.404e-04
3.404e-04
3.404e-04
3.404e-04
3.404e-04
3.403e-04
3.403e-04
3.403e-04
3.403e-04
3.403e-04
3.402e-04
3.402e-04
3.402e-04
3.402e-04
3.402e-04
3.402e-04
3.401e-04
3.401e-04
3.401e-04
3.401e-04
3.401e-04
3.400e-04
3.400e-04
3.400e-04
3.400e-04
3.400e-04
3.400e-04
3.399e-04
3.399e-04
3.399e-04
3.399e-04
3.399e-04
3.399e-04
3.399e-04
3.399e-04
3.399e-04
3.399e-04
3.399e-04
3.399e-04
3.399e-04
3.399e-04
3.399e-04
3.399e-04
3.399e-04
3.399e-04
3.399e-04
3.399e-04
3.399e-04
3.399e-04
3.399e-04
3.399e-04
3.399e-04
3.399e-04
3.399e-04
3.399e-04
3.399e-04
3.399e-04
3.399e-04
3.399e-04
3.399e-04
3.399e-04
3.399e-04
3.399e-04
3.399e-04
3.399e-04
3.399e-04
3.399e-04
3.399e-04
3.399e-04
3.399e-04
3.399e-04
3.399e-04
3.399e-04
3.399e-04
3.399e-04
3.399e-04
3.399e-04
3.399e-04
3.399e-04
3.399e-04
3.398e-04
3.398e-04
3.398e-04
3.398e-04
3.398e-04
3.398e-04
3.398e-04
3.398e-04
3.398e-04
3.398e-04
3.398e-04
3.398e-04
3.398e-04
3.398e-04
3.398e-04
3.398e-04
3.398e-04
3.398e-04
3.398e-04
3.398e-04
3.398e-04
3.398e-04
3.398e-04
3.398e-04
3.398e-04
3.398e-04
3.398e-04
3.398e-04
3.398e-04
3.398e-04
3.398e-04
3.398e-04
3.398e-04
3.398e-04
3.398e-04
3.398e-04
3.398e-04
3.398e-04
3.398e-04
3.398e-04
3.398e-04
3.398e-04
3.398e-04
3.398e-04
3.398e-04
3.398e-04
3.398e-04
3.398e-04
3.398e-04
3.398e-04
3.398e-04
3.398e-04
3.398e-04
3.398e-04
3.398e-04
3.398e-04
3.398e-04
3.398e-04
3.398e-04
3.398e-04
3.398e-04
3.398e-04
3.398e-04
3.398e-04
3.398e-04
3.398e-04
3.398e-04
3.398e-04
3.398e-04
3.398e-04
3.397e-04
3.397e-04
3.397e-04
3.397e-04
3.397e-04
3.397e-04
3.397e-04
3.397e-04
3.397e-04
3.397e-04
3.397e-04
3.397e-04
3.397e-04
3.397e-04
3.397e-04
3.397e-04
3.397e-04
3.397e-04
3.397e-04
3.397e-04
3.397e-04
3.397e-04
3.397e-04
3.397e-04
3.397e-04
3.397e-04
3.397e-04
3.397e-04
3.397e-04
3.397e-04
3.397e-04
3.397e-04
3.397e-04
3.397e-04
3.397e-04
3.397e-04
3.397e-04
3.397e-04
3.397e-04
3.397e-04
3.397e-04
3.397e-04
3.397e-04
3.397e-04
3.397e-04
3.397e-04
3.397e-04
3.397e-04
3.397e-04
3.397e-04
3.397e-04
3.397e-04
3.396e-04
3.396e-04
3.396e-04
3.396e-04
3.396e-04
3.396e-04
3.396e-04
3.396e-04
3.396e-04
3.396e-04
3.396e-04
3.396e-04
3.396e-04
3.396e-04
3.396e-04
3.396e-04
3.396e-04
3.396e-04
3.396e-04
3.396e-04
3.396e-04
3.396e-04
3.396e-04
3.396e-04
3.396e-04
3.396e-04
3.396e-04
3.396e-04
3.396e-04
3.396e-04
3.396e-04
3.396e-04
3.396e-04
3.396e-04
3.396e-04
3.396e-04
3.396e-04
3.396e-04
3.396e-04
3.396e-04
3.396e-04
3.396e-04
3.396e-04
3.396e-04
3.396e-04
3.395e-04
3.395e-04
3.395e-04
3.395e-04
3.395e-04
3.395e-04
3.395e-04
3.395e-04
3.395e-04
3.395e-04
3.395e-04
3.395e-04
3.395e-04
3.395e-04
3.395e-04
3.395e-04
3.395e-04
3.395e-04
3.395e-04
3.395e-04
3.395e-04
3.395e-04
3.395e-04
3.395e-04
3.395e-04
3.395e-04
3.395e-04
3.395e-04
3.395e-04
3.395e-04
3.395e-04
3.395e-04
3.395e-04
3.395e-04
3.395e-04
3.395e-04
3.395e-04
3.395e-04
3.395e-04
3.395e-04
3.395e-04
3.395e-04
3.394e-04
3.394e-04
3.394e-04
3.394e-04
3.394e-04
3.394e-04
3.394e-04
3.394e-04
3.394e-04
3.394e-04
3.394e-04
3.394e-04
3.394e-04
3.394e-04
3.394e-04
3.394e-04
3.394e-04
3.394e-04
3.394e-04
3.394e-04
3.394e-04
3.394e-04
3.394e-04
3.394e-04
3.394e-04
3.394e-04
3.394e-04
3.394e-04
3.394e-04
3.394e-04
3.394e-04
3.394e-04
3.394e-04
3.394e-04
3.394e-04
3.394e-04
3.394e-04
3.394e-04
3.394e-04
3.393e-04
3.393e-04
3.393e-04
3.393e-04
3.393e-04
3.393e-04
3.393e-04
3.393e-04
3.393e-04
3.393e-04
3.393e-04
3.393e-04
3.393e-04
3.393e-04
3.393e-04
3.393e-04
3.393e-04
3.393e-04
3.393e-04
3.393e-04
3.393e-04
3.393e-04
3.393e-04
3.393e-04
3.393e-04
3.393e-04
3.393e-04
3.393e-04
3.393e-04
3.393e-04
3.393e-04
3.393e-04
3.393e-04
3.393e-04
3.393e-04
3.393e-04
3.393e-04
3.393e-04
3.393e-04
3.392e-04
3.392e-04
3.392e-04
3.392e-04
3.392e-04
3.392e-04
3.392e-04
3.392e-04
3.392e-04
3.392e-04
3.392e-04
3.392e-04
3.392e-04
3.392e-04
3.392e-04
3.392e-04
3.392e-04
3.392e-04
3.392e-04
3.392e-04
3.392e-04
3.392e-04
3.392e-04
3.392e-04
3.392e-04
3.392e-04
3.392e-04
3.392e-04
3.392e-04
3.392e-04
3.392e-04
3.392e-04
3.392e-04
3.392e-04
3.392e-04
3.392e-04
3.392e-04
3.391e-04
3.391e-04
3.391e-04
3.391e-04
3.391e-04
3.391e-04
3.391e-04
3.391e-04
3.391e-04
3.391e-04
3.391e-04
3.391e-04
3.391e-04
3.391e-04
3.391e-04
3.391e-04
3.391e-04
3.391e-04
3.391e-04
3.391e-04
3.391e-04
3.391e-04
3.391e-04
3.391e-04
3.391e-04
3.391e-04
3.391e-04
3.391e-04
3.391e-04
3.391e-04
3.391e-04
3.391e-04
3.391e-04
3.391e-04
3.391e-04
3.391e-04
3.391e-04
3.391e-04
3.390e-04
3.390e-04
3.390e-04
3.390e-04
3.390e-04
3.390e-04
3.390e-04
3.390e-04
3.390e-04
3.390e-04
3.390e-04
3.390e-04
3.390e-04
3.390e-04
3.390e-04
3.390e-04
3.390e-04
3.390e-04
3.390e-04
3.390e-04
3.390e-04
3.390e-04
3.390e-04
3.390e-04
3.390e-04
3.390e-04
3.390e-04
3.390e-04
3.390e-04
3.390e-04
3.390e-04
3.390e-04
3.390e-04
3.390e-04
3.390e-04
3.390e-04
3.390e-04
3.389e-04
3.389e-04
3.389e-04
3.389e-04
3.389e-04
3.389e-04
3.389e-04
3.389e-04
3.389e-04
3.389e-04
3.389e-04
3.389e-04
3.389e-04
3.389e-04
3.389e-04
3.389e-04
3.389e-04
3.389e-04
3.389e-04
3.389e-04
3.389e-04
3.389e-04
3.389e-04
3.389e-04
3.389e-04
3.389e-04
3.389e-04
3.389e-04
3.389e-04
3.389e-04
3.389e-04
3.389e-04
3.389e-04
3.389e-04
3.389e-04
3.389e-04
3.389e-04
3.388e-04
3.388e-04
3.388e-04
3.388e-04
3.388e-04
3.388e-04
3.388e-04
3.388e-04
3.388e-04
3.388e-04
3.388e-04
3.388e-04
3.388e-04
3.388e-04
3.388e-04
3.388e-04
3.388e-04
3.388e-04
3.388e-04
3.388e-04
3.388e-04
3.388e-04
3.388e-04
3.388e-04
3.388e-04
3.388e-04
3.388e-04
3.388e-04
3.388e-04
3.388e-04
3.388e-04
3.388e-04
3.388e-04
3.388e-04
3.388e-04
3.388e-04
3.388e-04
3.388e-04
3.387e-04
3.387e-04
3.387e-04
3.387e-04
3.387e-04
3.387e-04
3.387e-04
3.387e-04
3.387e-04
3.387e-04
3.387e-04
3.387e-04
3.387e-04
3.387e-04
3.387e-04
3.387e-04
3.387e-04
3.387e-04
3.387e-04
3.387e-04
3.387e-04
3.387e-04
3.387e-04
3.387e-04
3.387e-04
3.387e-04
3.387e-04
3.387e-04
3.387e-04
3.387e-04
3.387e-04
3.387e-04
3.387e-04
3.387e-04
3.387e-04
3.387e-04
3.387e-04
3.387e-04
3.386e-04
3.386e-04
3.386e-04
3.386e-04
3.386e-04
3.386e-04
3.386e-04
3.386e-04
3.386e-04
3.386e-04
3.386e-04
3.386e-04
3.386e-04
3.386e-04
3.386e-04
3.386e-04
3.386e-04
3.386e-04
3.386e-04
3.386e-04
3.386e-04
3.386e-04
3.386e-04
3.386e-04
3.386e-04
3.386e-04
3.386e-04
3.386e-04
3.386e-04
3.386e-04
3.386e-04
3.386e-04
3.386e-04
3.386e-04
3.386e-04
3.386e-04
3.386e-04
3.386e-04
3.385e-04
3.385e-04
3.385e-04
3.385e-04
3.385e-04
3.385e-04
3.385e-04
3.385e-04
3.385e-04
3.385e-04
3.385e-04
3.385e-04
3.385e-04
3.385e-04
3.385e-04
3.385e-04
3.385e-04
3.385e-04
3.385e-04
3.385e-04
3.385e-04
3.385e-04
3.385e-04
3.385e-04
3.385e-04
3.385e-04
3.385e-04
3.385e-04
3.385e-04
3.385e-04
3.385e-04
3.385e-04
3.385e-04
3.385e-04
3.385e-04
3.385e-04
3.385e-04
3.385e-04
3.385e-04
3.384e-04
3.384e-04
3.384e-04
3.384e-04
3.384e-04
3.384e-04
3.384e-04
3.384e-04
3.384e-04
3.384e-04
3.384e-04
3.384e-04
3.384e-04
3.384e-04
3.384e-04
3.384e-04
3.384e-04
3.384e-04
3.384e-04
3.384e-04
3.384e-04
3.384e-04
3.384e-04
3.384e-04
3.384e-04
3.384e-04
3.384e-04
3.384e-04
3.384e-04
3.384e-04
3.384e-04
3.384e-04
3.384e-04
3.384e-04
3.384e-04
3.384e-04
3.384e-04
3.384e-04
3.384e-04
3.384e-04
3.383e-04
3.383e-04
3.383e-04
3.383e-04
3.383e-04
3.383e-04
3.383e-04
3.383e-04
3.383e-04
3.383e-04
3.383e-04
3.383e-04
3.383e-04
3.383e-04
3.383e-04
3.383e-04
3.383e-04
3.383e-04
3.383e-04
3.383e-04
3.383e-04
3.383e-04
3.383e-04
3.383e-04
3.383e-04
3.383e-04
3.383e-04
3.383e-04
3.383e-04
3.383e-04
3.383e-04
3.383e-04
3.383e-04
3.383e-04
3.383e-04
3.383e-04
3.383e-04
3.383e-04
3.383e-04
3.383e-04
3.383e-04
3.382e-04
3.382e-04
3.382e-04
3.382e-04
3.382e-04
3.382e-04
3.382e-04
3.382e-04
3.382e-04
3.382e-04
3.382e-04
3.382e-04
3.382e-04
3.382e-04
3.382e-04
3.382e-04
3.382e-04
3.382e-04
3.382e-04
3.382e-04
3.382e-04
3.382e-04
3.382e-04
3.382e-04
3.382e-04
3.382e-04
3.382e-04
3.382e-04
3.382e-04
3.382e-04
3.382e-04
3.382e-04
3.382e-04
3.382e-04
3.382e-04
3.382e-04
3.382e-04
3.382e-04
3.382e-04
3.382e-04
3.382e-04
3.382e-04
3.381e-04
3.381e-04
3.381e-04
3.381e-04
3.381e-04
3.381e-04
3.381e-04
3.381e-04
3.381e-04
3.381e-04
3.381e-04
3.381e-04
3.381e-04
3.381e-04
3.381e-04
3.381e-04
3.381e-04
3.381e-04
3.381e-04
3.381e-04
3.381e-04
3.381e-04
3.381e-04
3.381e-04
3.381e-04
3.381e-04
3.381e-04
3.381e-04
3.381e-04
3.381e-04
3.381e-04
3.381e-04
3.381e-04
3.381e-04
3.381e-04
3.381e-04
3.381e-04
3.381e-04
3.381e-04
3.381e-04
3.381e-04
3.381e-04
3.381e-04
3.381e-04
3.380e-04
3.380e-04
3.380e-04
3.380e-04
3.380e-04
3.380e-04
3.380e-04
3.380e-04
3.380e-04
3.380e-04
3.380e-04
3.380e-04
3.380e-04
3.380e-04
3.380e-04
3.380e-04
3.380e-04
3.380e-04
3.380e-04
3.380e-04
3.380e-04
3.380e-04
3.380e-04
3.380e-04
3.380e-04
3.380e-04
3.380e-04
3.380e-04
3.380e-04
3.380e-04
3.380e-04
3.380e-04
3.380e-04
3.380e-04
3.380e-04
3.380e-04
3.380e-04
3.380e-04
3.380e-04
3.380e-04
3.380e-04
3.380e-04
3.380e-04
3.380e-04
3.380e-04
3.379e-04
3.379e-04
3.379e-04
3.379e-04
3.379e-04
3.379e-04
3.379e-04
3.379e-04
3.379e-04
3.379e-04
3.379e-04
3.379e-04
3.379e-04
3.379e-04
3.379e-04
3.379e-04
3.379e-04
3.379e-04
3.379e-04
3.379e-04
3.379e-04
3.379e-04
3.379e-04
3.379e-04
3.379e-04
3.379e-04
3.379e-04
3.379e-04
3.379e-04
3.379e-04
3.379e-04
3.379e-04
3.379e-04
3.379e-04
3.379e-04
3.379e-04
3.379e-04
3.379e-04
3.379e-04
3.379e-04
3.379e-04
3.379e-04
3.379e-04
3.379e-04
3.379e-04
3.379e-04
3.378e-04
3.378e-04
3.378e-04
3.378e-04
3.378e-04
3.378e-04
3.378e-04
3.378e-04
3.378e-04
3.378e-04
3.378e-04
3.378e-04
3.378e-04
3.378e-04
3.378e-04
3.378e-04
3.378e-04
3.378e-04
3.378e-04
3.378e-04
3.378e-04
3.378e-04
3.378e-04
3.378e-04
3.378e-04
3.378e-04
3.378e-04
3.378e-04
3.378e-04
3.378e-04
3.378e-04
3.378e-04
3.378e-04
3.378e-04
3.378e-04
3.378e-04
3.378e-04
3.378e-04
3.378e-04
3.378e-04
3.378e-04
3.378e-04
3.378e-04
3.378e-04
3.378e-04
3.378e-04
3.378e-04
3.378e-04
3.377e-04
3.377e-04
3.377e-04
3.377e-04
3.377e-04
3.377e-04
3.377e-04
3.377e-04
3.377e-04
3.377e-04
3.377e-04
3.377e-04
3.377e-04
3.377e-04
3.377e-04
3.377e-04
3.377e-04
3.377e-04
3.377e-04
3.377e-04
3.377e-04
3.377e-04
3.377e-04
3.377e-04
3.377e-04
3.377e-04
3.377e-04
3.377e-04
3.377e-04
3.377e-04
3.377e-04
3.377e-04
3.377e-04
3.377e-04
3.377e-04
3.377e-04
3.377e-04
3.377e-04
3.377e-04
3.377e-04
3.377e-04
3.377e-04
3.377e-04
3.377e-04
3.377e-04
3.377e-04
3.377e-04
3.377e-04
3.377e-04
3.377e-04
3.377e-04
3.376e-04
3.376e-04
3.376e-04
3.376e-04
3.376e-04
3.376e-04
3.376e-04
3.376e-04
3.376e-04
3.376e-04
3.376e-04
3.376e-04
3.376e-04
3.376e-04
3.376e-04
3.376e-04
3.376e-04
3.376e-04
3.376e-04
3.376e-04
3.376e-04
3.376e-04
3.376e-04
3.376e-04
3.376e-04
3.376e-04
3.376e-04
3.376e-04
3.376e-04
3.376e-04
3.376e-04
3.376e-04
3.376e-04
3.376e-04
3.376e-04
3.376e-04
3.376e-04
3.376e-04
3.376e-04
3.376e-04
3.376e-04
3.376e-04
3.376e-04
3.376e-04
3.376e-04
3.376e-04
3.376e-04
3.376e-04
3.376e-04
3.376e-04
3.376e-04
3.376e-04
3.375e-04
3.375e-04
3.375e-04
3.375e-04
3.375e-04
3.375e-04
3.375e-04
3.375e-04
3.375e-04
3.375e-04
3.375e-04
3.375e-04
3.375e-04
3.375e-04
3.375e-04
3.375e-04
3.375e-04
3.375e-04
3.375e-04
3.375e-04
3.375e-04
3.375e-04
3.375e-04
3.375e-04
3.375e-04
3.375e-04
3.375e-04
3.375e-04
3.375e-04
3.375e-04
3.375e-04
3.375e-04
3.375e-04
3.375e-04
3.375e-04
3.375e-04
3.375e-04
3.375e-04
3.375e-04
3.375e-04
3.375e-04
3.375e-04
3.375e-04
3.375e-04
3.375e-04
3.375e-04
3.375e-04
3.375e-04
3.375e-04
3.375e-04
3.375e-04
3.375e-04
3.375e-04
3.375e-04
3.375e-04
3.375e-04
3.374e-04
3.374e-04
3.374e-04
3.374e-04
3.374e-04
3.374e-04
3.374e-04
3.374e-04
3.374e-04
3.374e-04
3.374e-04
3.374e-04
3.374e-04
3.374e-04
3.374e-04
3.374e-04
3.374e-04
3.374e-04
3.374e-04
3.374e-04
3.374e-04
3.374e-04
3.374e-04
3.374e-04
3.374e-04
3.374e-04
3.374e-04
3.374e-04
3.374e-04
3.374e-04
3.374e-04
3.374e-04
3.374e-04
3.374e-04
3.374e-04
3.374e-04
3.374e-04
3.374e-04
3.374e-04
3.374e-04
3.374e-04
3.374e-04
3.374e-04
3.374e-04
3.374e-04
3.374e-04
3.374e-04
3.374e-04
3.374e-04
3.374e-04
3.374e-04
3.374e-04
3.374e-04
3.374e-04
3.374e-04
3.374e-04
3.374e-04
3.374e-04
3.373e-04
3.373e-04
3.373e-04
3.373e-04
3.373e-04
3.373e-04
3.373e-04
3.373e-04
3.373e-04
3.373e-04
3.373e-04
3.373e-04
3.373e-04
3.373e-04
3.373e-04
3.373e-04
3.373e-04
3.373e-04
3.373e-04
3.373e-04
3.373e-04
3.373e-04
3.373e-04
3.373e-04
3.373e-04
3.373e-04
3.373e-04
3.373e-04
3.373e-04
3.373e-04
3.373e-04
3.373e-04
3.373e-04
3.373e-04
3.373e-04
3.373e-04
3.373e-04
3.373e-04
3.373e-04
3.373e-04
3.373e-04
3.373e-04
3.373e-04
3.373e-04
3.373e-04
3.373e-04
3.373e-04
3.373e-04
3.373e-04
3.373e-04
3.373e-04
3.373e-04
3.373e-04
3.373e-04
3.373e-04
3.373e-04
3.373e-04
3.373e-04
3.373e-04
3.373e-04
3.373e-04
3.372e-04
3.372e-04
3.372e-04
3.372e-04
3.372e-04
3.372e-04
3.372e-04
3.372e-04
3.372e-04
3.372e-04
3.372e-04
3.372e-04
3.372e-04
3.372e-04
3.372e-04
3.372e-04
3.372e-04
3.372e-04
3.372e-04
3.372e-04
3.372e-04
3.372e-04
3.372e-04
3.372e-04
3.372e-04
3.372e-04
3.372e-04
3.372e-04
3.372e-04
3.372e-04
3.372e-04
3.372e-04
3.372e-04
3.372e-04
3.372e-04
3.372e-04
3.372e-04
3.372e-04
3.372e-04
3.372e-04
3.372e-04
3.372e-04
3.372e-04
3.372e-04
3.372e-04
3.372e-04
3.372e-04
3.372e-04
3.372e-04
3.372e-04
3.372e-04
3.372e-04
3.372e-04
3.372e-04
3.372e-04
3.372e-04
3.372e-04
3.372e-04
3.372e-04
3.372e-04
3.372e-04
3.372e-04
3.372e-04
3.372e-04
3.372e-04
3.371e-04
3.371e-04
3.371e-04
3.371e-04
3.371e-04
3.371e-04
3.371e-04
3.371e-04
3.371e-04
3.371e-04
3.371e-04
3.371e-04
3.371e-04
3.371e-04
3.371e-04
3.371e-04
3.371e-04
3.371e-04
3.371e-04
3.371e-04
3.371e-04
3.371e-04
3.371e-04
3.371e-04
3.371e-04
3.371e-04
3.371e-04
3.371e-04
3.371e-04
3.371e-04
3.371e-04
3.371e-04
3.371e-04
3.371e-04
3.371e-04
3.371e-04
3.371e-04
3.371e-04
3.371e-04
3.371e-04
3.371e-04
3.371e-04
3.371e-04
3.371e-04
3.371e-04
3.371e-04
3.371e-04
3.371e-04
3.371e-04
3.371e-04
3.371e-04
3.371e-04
3.371e-04
3.371e-04
3.371e-04
3.371e-04
3.371e-04
3.371e-04
3.371e-04
3.371e-04
3.371e-04
3.371e-04
3.371e-04
3.371e-04
3.371e-04
3.371e-04
3.371e-04
3.371e-04
3.371e-04
3.370e-04
3.370e-04
3.370e-04
3.370e-04
3.370e-04
3.370e-04
3.370e-04
3.370e-04
3.370e-04
3.370e-04
3.370e-04
3.370e-04
3.370e-04
3.370e-04
3.370e-04
3.370e-04
3.370e-04
3.370e-04
3.370e-04
3.370e-04
3.370e-04
3.370e-04
3.370e-04
3.370e-04
3.370e-04
3.370e-04
3.370e-04
3.370e-04
3.370e-04
3.370e-04
3.370e-04
3.370e-04
3.370e-04
3.370e-04
3.370e-04
3.370e-04
3.370e-04
3.370e-04
3.370e-04
3.370e-04
3.370e-04
3.370e-04
3.370e-04
3.370e-04
3.370e-04
3.370e-04
3.370e-04
3.370e-04
3.370e-04
3.370e-04
3.370e-04
3.370e-04
3.370e-04
3.370e-04
3.370e-04
3.370e-04
3.370e-04
3.370e-04
3.370e-04
3.370e-04
3.370e-04
3.370e-04
3.370e-04
3.370e-04
3.370e-04
3.370e-04
3.370e-04
3.370e-04
3.370e-04
3.370e-04
3.370e-04
3.370e-04
3.370e-04
3.370e-04
3.370e-04
3.369e-04
3.369e-04
3.369e-04
3.369e-04
3.369e-04
3.369e-04
3.369e-04
3.369e-04
3.369e-04
3.369e-04
3.369e-04
3.369e-04
3.369e-04
3.369e-04
3.369e-04
3.369e-04
3.369e-04
3.369e-04
3.369e-04
3.369e-04
3.369e-04
3.369e-04
3.369e-04
3.369e-04
3.369e-04
3.369e-04
3.369e-04
3.369e-04
3.369e-04
3.369e-04
3.369e-04
3.369e-04
3.369e-04
3.369e-04
3.369e-04
3.369e-04
3.369e-04
3.369e-04
3.369e-04
3.369e-04
3.369e-04
3.369e-04
3.369e-04
3.369e-04
3.369e-04
3.369e-04
3.369e-04
3.369e-04
3.369e-04
3.369e-04
3.369e-04
3.369e-04
3.369e-04
3.369e-04
3.369e-04
3.369e-04
3.369e-04
3.369e-04
3.369e-04
3.369e-04
3.369e-04
3.369e-04
3.369e-04
3.369e-04
3.369e-04
3.369e-04
3.369e-04
3.369e-04
3.369e-04
3.369e-04
3.369e-04
3.369e-04
3.369e-04
3.369e-04
3.369e-04
3.369e-04
3.369e-04
3.369e-04
3.369e-04
3.369e-04
3.368e-04
3.368e-04
3.368e-04
3.368e-04
3.368e-04
3.368e-04
3.368e-04
3.368e-04
3.368e-04
3.368e-04
3.368e-04
3.368e-04
3.368e-04
3.368e-04
3.368e-04
3.368e-04
3.368e-04
3.368e-04
3.368e-04
3.368e-04
3.368e-04
3.368e-04
3.368e-04
3.368e-04
3.368e-04
3.368e-04
3.368e-04
3.368e-04
3.368e-04
3.368e-04
3.368e-04
3.368e-04
3.368e-04
3.368e-04
3.368e-04
3.368e-04
3.368e-04
3.368e-04
3.368e-04
3.368e-04
3.368e-04
3.368e-04
3.368e-04
3.368e-04
3.368e-04
3.368e-04
3.368e-04
3.368e-04
3.368e-04
3.368e-04
3.368e-04
3.368e-04
3.368e-04
3.368e-04
3.368e-04
3.368e-04
3.368e-04
3.368e-04
3.368e-04
3.368e-04
3.368e-04
3.368e-04
3.368e-04
3.368e-04
3.368e-04
3.368e-04
3.368e-04
3.368e-04
3.368e-04
3.368e-04
3.368e-04
3.368e-04
3.368e-04
3.368e-04
3.368e-04
3.368e-04
3.368e-04
3.368e-04
3.368e-04
3.368e-04
3.368e-04
3.368e-04
3.368e-04
3.368e-04
3.368e-04
3.368e-04
3.368e-04
3.367e-04
3.367e-04
3.367e-04
3.367e-04
3.367e-04
3.367e-04
3.367e-04
3.367e-04
3.367e-04
3.367e-04
3.367e-04
3.367e-04
3.367e-04
3.367e-04
3.367e-04
3.367e-04
3.367e-04
3.367e-04
3.367e-04
3.367e-04
3.367e-04
3.367e-04
3.367e-04
3.367e-04
3.367e-04
3.367e-04
3.367e-04
3.367e-04
3.367e-04
3.367e-04
3.367e-04
3.367e-04
3.367e-04
3.367e-04
3.367e-04
3.367e-04
3.367e-04
3.367e-04
3.367e-04
3.367e-04
3.367e-04
3.367e-04
3.367e-04
3.367e-04
3.367e-04
3.367e-04
3.367e-04
3.367e-04
3.367e-04
3.367e-04
3.367e-04
3.367e-04
3.367e-04
3.367e-04
3.367e-04
3.367e-04
3.367e-04
3.367e-04
3.367e-04
3.367e-04
3.367e-04
3.367e-04
3.367e-04
3.367e-04
3.367e-04
3.367e-04
3.367e-04
3.367e-04
3.367e-04
3.367e-04
3.367e-04
3.367e-04
3.367e-04
3.367e-04
3.367e-04
3.367e-04
3.367e-04
3.367e-04
3.367e-04
3.367e-04
3.367e-04
3.367e-04
3.367e-04
3.367e-04
3.367e-04
3.367e-04
3.367e-04
3.367e-04
3.367e-04
3.367e-04
3.367e-04
3.367e-04
3.367e-04
3.367e-04
3.367e-04
3.366e-04
3.366e-04
3.366e-04
3.366e-04
3.366e-04
3.366e-04
3.366e-04
3.366e-04
3.366e-04
3.366e-04
3.366e-04
3.366e-04
3.366e-04
3.366e-04
3.366e-04
3.366e-04
3.366e-04
3.366e-04
3.366e-04
3.366e-04
3.366e-04
3.366e-04
3.366e-04
3.366e-04
3.366e-04
3.366e-04
3.366e-04
3.366e-04
3.366e-04
3.366e-04
3.366e-04
3.366e-04
3.366e-04
3.366e-04
3.366e-04
3.366e-04
3.366e-04
3.366e-04
3.366e-04
3.366e-04
3.366e-04
3.366e-04
3.366e-04
3.366e-04
3.366e-04
3.366e-04
3.366e-04
3.366e-04
3.366e-04
3.366e-04
3.366e-04
3.366e-04
3.366e-04
3.366e-04
3.366e-04
3.366e-04
3.366e-04
3.366e-04
3.366e-04
3.366e-04
3.366e-04
3.366e-04
3.366e-04
3.366e-04
3.366e-04
3.366e-04
3.366e-04
3.366e-04
3.366e-04
3.366e-04
3.366e-04
3.366e-04
3.366e-04
3.366e-04
3.366e-04
3.366e-04
3.366e-04
3.366e-04
3.366e-04
3.366e-04
3.366e-04
3.366e-04
3.366e-04
3.366e-04
3.366e-04
3.366e-04
3.366e-04
3.366e-04
3.366e-04
3.366e-04
3.366e-04
3.366e-04
3.366e-04
3.366e-04
3.366e-04
3.366e-04
3.366e-04
3.366e-04
3.366e-04
3.366e-04
3.366e-04
3.366e-04
3.366e-04
3.366e-04
3.366e-04
3.365e-04
3.365e-04
3.365e-04
3.365e-04
3.365e-04
3.365e-04
3.365e-04
3.365e-04
3.365e-04
3.365e-04
3.365e-04
3.365e-04
3.365e-04
3.365e-04
3.365e-04
3.365e-04
3.365e-04
3.365e-04
3.365e-04
3.365e-04
3.365e-04
3.365e-04
3.365e-04
3.365e-04
3.365e-04
3.365e-04
3.365e-04
3.365e-04
3.365e-04
3.365e-04
3.365e-04
3.365e-04
3.365e-04
3.365e-04
3.365e-04
3.365e-04
3.365e-04
3.365e-04
3.365e-04
3.365e-04
3.365e-04
3.365e-04
3.365e-04
3.365e-04
3.365e-04
3.365e-04
3.365e-04
3.365e-04
3.365e-04
3.365e-04
3.365e-04
3.365e-04
3.365e-04
3.365e-04
3.365e-04
3.365e-04
3.365e-04
3.365e-04
3.365e-04
3.365e-04
3.365e-04
3.365e-04
3.365e-04
3.365e-04
3.365e-04
3.365e-04
3.365e-04
3.365e-04
3.365e-04
3.365e-04
3.365e-04
3.365e-04
3.365e-04
3.365e-04
3.365e-04
3.365e-04
3.365e-04
3.365e-04
3.365e-04
3.365e-04
3.365e-04
3.365e-04
3.365e-04
3.365e-04
3.365e-04
3.365e-04
3.365e-04
3.365e-04
3.365e-04
3.365e-04
3.365e-04
3.365e-04
3.365e-04
3.365e-04
3.365e-04
3.365e-04
3.365e-04
3.365e-04
3.365e-04
3.365e-04
3.365e-04
3.365e-04
3.365e-04
3.365e-04
3.365e-04
3.365e-04
3.365e-04
3.365e-04
3.365e-04
3.365e-04
3.365e-04
3.365e-04
3.365e-04
3.365e-04
3.365e-04
3.365e-04
3.365e-04
3.364e-04
3.364e-04
3.364e-04
3.364e-04
3.364e-04
3.364e-04
3.364e-04
3.364e-04
3.364e-04
3.364e-04
3.364e-04
3.364e-04
3.364e-04
3.364e-04
3.364e-04
3.364e-04
3.364e-04
3.364e-04
3.364e-04
3.364e-04
3.364e-04
3.364e-04
3.364e-04
3.364e-04
3.364e-04
3.364e-04
3.364e-04
3.364e-04
3.364e-04
3.364e-04
3.364e-04
3.364e-04
3.364e-04
3.364e-04
3.364e-04
3.364e-04
3.364e-04
3.364e-04
3.364e-04
3.364e-04
3.364e-04
3.364e-04
3.364e-04
3.364e-04
3.364e-04
3.364e-04
3.364e-04
3.364e-04
3.364e-04
3.364e-04
3.364e-04
3.364e-04
3.364e-04
3.364e-04
3.364e-04
3.364e-04
3.364e-04
3.364e-04
3.364e-04
3.364e-04
3.364e-04
3.364e-04
3.364e-04
3.364e-04
3.364e-04
3.364e-04
3.364e-04
3.364e-04
3.364e-04
3.364e-04
3.364e-04
3.364e-04
3.364e-04
3.364e-04
3.364e-04
3.364e-04
3.364e-04
3.364e-04
3.364e-04
3.364e-04
3.364e-04
3.364e-04
3.364e-04
3.364e-04
3.364e-04
3.364e-04
3.364e-04
3.364e-04
3.364e-04
3.364e-04
3.364e-04
3.364e-04
3.364e-04
3.364e-04
3.364e-04
3.364e-04
3.364e-04
3.364e-04
3.364e-04
3.364e-04
3.364e-04
3.364e-04
3.364e-04
3.364e-04
3.364e-04
3.364e-04
3.364e-04
3.364e-04
3.364e-04
3.364e-04
3.364e-04
3.364e-04
3.364e-04
3.364e-04
3.364e-04
3.364e-04
3.364e-04
3.364e-04
3.364e-04
3.364e-04
3.364e-04
3.364e-04
3.364e-04
3.364e-04
3.364e-04
3.364e-04
3.364e-04
3.364e-04
3.364e-04
3.364e-04
3.364e-04
3.364e-04
3.364e-04
3.363e-04
3.363e-04
3.363e-04
3.363e-04
3.363e-04
3.363e-04
3.363e-04
3.363e-04
3.363e-04
3.363e-04
3.363e-04
3.363e-04
3.363e-04
3.363e-04
3.363e-04
3.363e-04
3.363e-04
3.363e-04
3.363e-04
3.363e-04
3.363e-04
3.363e-04
3.363e-04
3.363e-04
3.363e-04
3.363e-04
3.363e-04
3.363e-04
3.363e-04
3.363e-04
3.363e-04
3.363e-04
3.363e-04
3.363e-04
3.363e-04
3.363e-04
3.363e-04
3.363e-04
3.363e-04
3.363e-04
3.363e-04
3.363e-04
3.363e-04
3.363e-04
3.363e-04
3.363e-04
3.363e-04
3.363e-04
3.363e-04
3.363e-04
3.363e-04
3.363e-04
3.363e-04
3.363e-04
3.363e-04
3.363e-04
3.363e-04
3.363e-04
3.363e-04
3.363e-04
3.363e-04
3.363e-04
3.363e-04
3.363e-04
3.363e-04
3.363e-04
3.363e-04
3.363e-04
3.363e-04
3.363e-04
3.363e-04
3.363e-04
3.363e-04
3.363e-04
3.363e-04
3.363e-04
3.363e-04
3.363e-04
3.363e-04
3.363e-04
3.363e-04
3.363e-04
3.363e-04
3.363e-04
3.363e-04
3.363e-04
3.363e-04
3.363e-04
3.363e-04
3.363e-04
3.363e-04
3.363e-04
3.363e-04
3.363e-04
3.363e-04
3.363e-04
3.363e-04
3.363e-04
3.363e-04
3.363e-04
3.363e-04
3.363e-04
3.363e-04
3.363e-04
3.363e-04
3.363e-04
3.363e-04
3.363e-04
3.363e-04
3.363e-04
3.363e-04
3.363e-04
3.363e-04
3.363e-04
3.363e-04
3.363e-04
3.363e-04
3.363e-04
3.363e-04
3.363e-04
3.363e-04
3.363e-04
3.363e-04
3.363e-04
3.363e-04
3.363e-04
3.363e-04
3.363e-04
3.363e-04
3.363e-04
3.363e-04
3.363e-04
3.363e-04
3.363e-04
3.363e-04
3.363e-04
3.363e-04
3.363e-04
3.363e-04
3.363e-04
3.363e-04
3.363e-04
3.363e-04
3.363e-04
3.363e-04
3.363e-04
3.363e-04
3.363e-04
3.363e-04
3.363e-04
3.363e-04
3.363e-04
3.363e-04
3.362e-04
3.362e-04
3.362e-04
3.362e-04
3.362e-04
3.362e-04
3.362e-04
3.362e-04
3.362e-04
3.362e-04
3.362e-04
3.362e-04
3.362e-04
3.362e-04
3.362e-04
3.362e-04
3.362e-04
3.362e-04
3.362e-04
3.362e-04
3.362e-04
3.362e-04
3.362e-04
3.362e-04
3.362e-04
3.362e-04
3.362e-04
3.362e-04
3.362e-04
3.362e-04
3.362e-04
3.362e-04
3.362e-04
3.362e-04
3.362e-04
3.362e-04
3.362e-04
3.362e-04
3.362e-04
3.362e-04
3.362e-04
3.362e-04
3.362e-04
3.362e-04
3.362e-04
3.362e-04
3.362e-04
3.362e-04
3.362e-04
3.362e-04
3.362e-04
3.362e-04
3.362e-04
3.362e-04
3.362e-04
3.362e-04
3.362e-04
3.362e-04
3.362e-04
3.362e-04
3.362e-04
3.362e-04
3.362e-04
3.362e-04
3.362e-04
3.362e-04
3.362e-04
3.362e-04
3.362e-04
3.362e-04
3.362e-04
3.362e-04
3.362e-04
3.362e-04
3.362e-04
3.362e-04
3.362e-04
3.362e-04
3.362e-04
3.362e-04
3.362e-04
3.362e-04
3.362e-04
3.362e-04
3.362e-04
3.362e-04
3.362e-04
3.362e-04
3.362e-04
3.362e-04
3.362e-04
3.362e-04
3.362e-04
3.362e-04
3.362e-04
3.362e-04
3.362e-04
3.362e-04
3.362e-04
3.362e-04
3.362e-04
3.362e-04
3.362e-04
3.362e-04
3.362e-04
3.362e-04
3.362e-04
3.362e-04
3.362e-04
3.362e-04
3.362e-04
3.362e-04
3.362e-04
3.362e-04
3.362e-04
3.362e-04
3.362e-04
3.362e-04
3.362e-04
3.362e-04
3.362e-04
3.362e-04
3.362e-04
3.362e-04
3.362e-04
3.362e-04
3.362e-04
3.362e-04
3.362e-04
3.362e-04
3.362e-04
3.362e-04
3.362e-04
3.362e-04
3.362e-04
3.362e-04
3.362e-04
3.362e-04
3.362e-04
3.362e-04
3.362e-04
3.362e-04
3.362e-04
3.362e-04
3.362e-04
3.362e-04
3.362e-04
3.362e-04
3.362e-04
3.362e-04
3.362e-04
3.362e-04
3.362e-04
3.362e-04
3.362e-04
3.362e-04
3.362e-04
3.362e-04
3.362e-04
3.362e-04
3.362e-04
3.362e-04
3.362e-04
3.362e-04
3.362e-04
3.362e-04
3.362e-04
3.362e-04
3.362e-04
3.362e-04
3.362e-04
3.362e-04
3.362e-04
3.362e-04
3.362e-04
3.362e-04
3.362e-04
3.362e-04
3.362e-04
3.362e-04
3.362e-04
3.361e-04
3.361e-04
3.361e-04
3.361e-04
3.361e-04
3.361e-04
3.361e-04
3.361e-04
3.361e-04
3.361e-04
3.361e-04
3.361e-04
3.361e-04
3.361e-04
3.361e-04
3.361e-04
3.361e-04
3.361e-04
3.361e-04
3.361e-04
3.361e-04
3.361e-04
3.361e-04
3.361e-04
3.361e-04
3.361e-04
3.361e-04
3.361e-04
3.361e-04
3.361e-04
3.361e-04
3.361e-04
3.361e-04
3.361e-04
3.361e-04
3.361e-04
3.361e-04
3.361e-04
3.361e-04
3.361e-04
3.361e-04
3.361e-04
3.361e-04
3.361e-04
3.361e-04
3.361e-04
3.361e-04
3.361e-04
3.361e-04
3.361e-04
3.361e-04
3.361e-04
3.361e-04
3.361e-04
3.361e-04
3.361e-04
3.361e-04
3.361e-04
3.361e-04
3.361e-04
3.361e-04
3.361e-04
3.361e-04
3.361e-04
3.361e-04
3.361e-04
3.361e-04
3.361e-04
3.361e-04
3.361e-04
3.361e-04
3.361e-04
3.361e-04
3.361e-04
3.361e-04
3.361e-04
3.361e-04
3.361e-04
3.361e-04
3.361e-04
3.361e-04
3.361e-04
3.361e-04
3.361e-04
3.361e-04
3.361e-04
3.361e-04
3.361e-04
3.361e-04
3.361e-04
3.361e-04
3.361e-04
3.361e-04
3.361e-04
3.361e-04
3.361e-04
3.361e-04
3.361e-04
3.361e-04
3.361e-04
3.361e-04
3.361e-04
3.361e-04
3.361e-04
3.361e-04
3.361e-04
3.361e-04
3.361e-04
3.361e-04
3.361e-04
3.361e-04
3.361e-04
3.361e-04
3.361e-04
3.361e-04
3.361e-04
3.361e-04
3.361e-04
3.361e-04
3.361e-04
3.361e-04
3.361e-04
3.361e-04
3.361e-04
3.361e-04
3.361e-04
3.361e-04
3.361e-04
3.361e-04
3.361e-04
3.361e-04
3.361e-04
3.361e-04
3.361e-04
3.361e-04
3.361e-04
3.361e-04
3.361e-04
3.361e-04
3.361e-04
3.361e-04
3.361e-04
3.361e-04
3.361e-04
3.361e-04
3.361e-04
3.361e-04
3.361e-04
3.361e-04
3.361e-04
3.361e-04
3.361e-04
3.361e-04
3.361e-04
3.361e-04
3.361e-04
3.361e-04
3.361e-04
3.361e-04
3.361e-04
3.361e-04
3.361e-04
3.361e-04
3.361e-04
3.361e-04
3.361e-04
3.361e-04
3.361e-04
3.361e-04
3.361e-04
3.361e-04
3.361e-04
3.361e-04
3.361e-04
3.361e-04
3.361e-04
3.361e-04
3.361e-04
3.361e-04
3.361e-04
3.361e-04
3.361e-04
3.361e-04
3.361e-04
3.361e-04
3.361e-04
3.361e-04
3.361e-04
3.361e-04
3.361e-04
3.361e-04
3.361e-04
3.361e-04
3.361e-04
3.361e-04
3.361e-04
3.361e-04
3.361e-04
3.361e-04
3.361e-04
3.361e-04
3.361e-04
3.361e-04
3.361e-04
3.361e-04
3.361e-04
3.361e-04
3.361e-04
3.361e-04
3.361e-04
3.361e-04
3.361e-04
3.361e-04
3.361e-04
3.361e-04
3.361e-04
3.361e-04
3.361e-04
3.361e-04
3.361e-04
3.361e-04
3.360e-04
3.360e-04
3.360e-04
3.360e-04
3.360e-04
3.360e-04
3.360e-04
3.360e-04
3.360e-04
3.360e-04
3.360e-04
3.360e-04
3.360e-04
3.360e-04
3.360e-04
3.360e-04
3.360e-04
3.360e-04
3.360e-04
3.360e-04
3.360e-04
3.360e-04
3.360e-04
3.360e-04
3.360e-04
3.360e-04
3.360e-04
3.360e-04
3.360e-04
3.360e-04
3.360e-04
3.360e-04
3.360e-04
3.360e-04
3.360e-04
3.360e-04
3.360e-04
3.360e-04
3.360e-04
3.360e-04
3.360e-04
3.360e-04
3.360e-04
3.360e-04
3.360e-04
3.360e-04
3.360e-04
3.360e-04
3.360e-04
3.360e-04
3.360e-04
3.360e-04
3.360e-04
3.360e-04
3.360e-04
3.360e-04
3.360e-04
3.360e-04
3.360e-04
3.360e-04
3.360e-04
3.360e-04
3.360e-04
3.360e-04
3.360e-04
3.360e-04
3.360e-04
3.360e-04
3.360e-04
3.360e-04
3.360e-04
3.360e-04
3.360e-04
3.360e-04
3.360e-04
3.360e-04
3.360e-04
3.360e-04
3.360e-04
3.360e-04
3.360e-04
3.360e-04
3.360e-04
3.360e-04
3.360e-04
3.360e-04
3.360e-04
3.360e-04
3.360e-04
3.360e-04
3.360e-04
3.360e-04
3.360e-04
3.360e-04
3.360e-04
3.360e-04
3.360e-04
3.360e-04
3.360e-04
3.360e-04
3.360e-04
3.360e-04
3.360e-04
3.360e-04
3.360e-04
3.360e-04
3.360e-04
3.360e-04
3.360e-04
3.360e-04
3.360e-04
3.360e-04
3.360e-04
3.360e-04
3.360e-04
3.360e-04
3.360e-04
3.360e-04
3.360e-04
3.360e-04
3.360e-04
3.360e-04
3.360e-04
3.360e-04
3.360e-04
3.360e-04
3.360e-04
3.360e-04
3.360e-04
3.360e-04
3.360e-04
3.360e-04
3.360e-04
3.360e-04
3.360e-04
3.360e-04
3.360e-04
3.360e-04
3.360e-04
3.360e-04
3.360e-04
3.360e-04
3.360e-04
3.360e-04
3.360e-04
3.360e-04
3.360e-04
3.360e-04
3.360e-04
3.360e-04
3.360e-04
3.360e-04
3.360e-04
3.360e-04
3.360e-04
3.360e-04
3.360e-04
3.360e-04
3.360e-04
3.360e-04
3.360e-04
3.360e-04
3.360e-04
3.360e-04
3.360e-04
3.360e-04
3.360e-04
3.360e-04
3.360e-04
3.360e-04
3.360e-04
3.360e-04
3.360e-04
3.360e-04
3.360e-04
3.360e-04
3.360e-04
3.360e-04
3.360e-04
3.360e-04
3.360e-04
3.360e-04
3.360e-04
3.360e-04
3.360e-04
3.360e-04
3.360e-04
3.360e-04
3.360e-04
3.360e-04
3.360e-04
3.360e-04
3.360e-04
3.360e-04
3.360e-04
3.360e-04
3.360e-04
3.360e-04
3.360e-04
3.360e-04
3.360e-04
3.360e-04
3.360e-04
3.360e-04
3.360e-04
3.360e-04
3.360e-04
3.360e-04
3.360e-04
3.360e-04
3.360e-04
3.360e-04
3.360e-04
3.360e-04
3.360e-04
3.360e-04
3.360e-04
3.360e-04
3.360e-04
3.360e-04
3.360e-04
3.360e-04
3.360e-04
3.360e-04
3.360e-04
3.360e-04
3.360e-04
3.360e-04
3.360e-04
3.360e-04
3.360e-04
3.360e-04
3.360e-04
3.360e-04
3.360e-04
3.360e-04
3.360e-04
3.360e-04
3.360e-04
3.360e-04
3.360e-04
3.360e-04
3.360e-04
3.360e-04
3.360e-04
3.360e-04
3.360e-04
3.360e-04
3.360e-04
3.360e-04
3.360e-04
3.360e-04
3.360e-04
3.360e-04
3.360e-04
3.360e-04
3.360e-04
3.360e-04
3.360e-04
3.360e-04
3.360e-04
3.360e-04
3.360e-04
3.360e-04
3.360e-04
3.360e-04
3.360e-04
3.360e-04
3.360e-04
3.360e-04
3.360e-04
3.360e-04
3.360e-04
3.360e-04
3.360e-04
3.360e-04
3.360e-04
3.360e-04
3.360e-04
3.360e-04
3.360e-04
3.360e-04
3.360e-04
3.360e-04
3.360e-04
3.360e-04
3.359e-04
3.359e-04
3.359e-04
3.359e-04
3.359e-04
3.359e-04
3.359e-04
3.359e-04
3.359e-04
3.359e-04
3.359e-04
3.359e-04
3.359e-04
3.359e-04
3.359e-04
3.359e-04
3.359e-04
3.359e-04
3.359e-04
3.359e-04
3.359e-04
3.359e-04
3.359e-04
3.359e-04
3.359e-04
3.359e-04
3.359e-04
3.359e-04
3.359e-04
3.359e-04
3.359e-04
3.359e-04
3.359e-04
3.359e-04
3.359e-04
3.359e-04
3.359e-04
3.359e-04
3.359e-04
3.359e-04
3.359e-04
3.359e-04
3.359e-04
3.359e-04
3.359e-04
3.359e-04
3.359e-04
3.359e-04
3.359e-04
3.359e-04
3.359e-04
3.359e-04
3.359e-04
3.359e-04
3.359e-04
3.359e-04
3.359e-04
3.359e-04
3.359e-04
3.359e-04
3.359e-04
3.359e-04
3.359e-04
3.359e-04
3.359e-04
3.359e-04
3.359e-04
3.359e-04
3.359e-04
3.359e-04
3.359e-04
3.359e-04
3.359e-04
3.359e-04
3.359e-04
3.359e-04
3.359e-04
3.359e-04
3.359e-04
3.359e-04
3.359e-04
3.359e-04
3.359e-04
3.359e-04
3.359e-04
3.359e-04
3.359e-04
3.359e-04
3.359e-04
3.359e-04
3.359e-04
3.359e-04
3.359e-04
3.359e-04
3.359e-04
3.359e-04
3.359e-04
3.359e-04
3.359e-04
3.359e-04
3.359e-04
3.359e-04
3.359e-04
3.359e-04
3.359e-04
3.359e-04
3.359e-04
3.359e-04
3.359e-04
3.359e-04
3.359e-04
3.359e-04
3.359e-04
3.359e-04
3.359e-04
3.359e-04
3.359e-04
3.359e-04
3.359e-04
3.359e-04
3.359e-04
3.359e-04
3.359e-04
3.359e-04
3.359e-04
3.359e-04
3.359e-04
3.359e-04
3.359e-04
3.359e-04
3.359e-04
3.359e-04
3.359e-04
3.359e-04
3.359e-04
3.359e-04
3.359e-04
3.359e-04
3.359e-04
3.359e-04
3.359e-04
3.359e-04
3.359e-04
3.359e-04
3.359e-04
3.359e-04
3.359e-04
3.359e-04
3.359e-04
3.359e-04
3.359e-04
3.359e-04
3.359e-04
3.359e-04
3.359e-04
3.359e-04
3.359e-04
3.359e-04
3.359e-04
3.359e-04
3.359e-04
3.359e-04
3.359e-04
3.359e-04
3.359e-04
3.359e-04
3.359e-04
3.359e-04
3.359e-04
3.359e-04
3.359e-04
3.359e-04
3.359e-04
3.359e-04
3.359e-04
3.359e-04
3.359e-04
3.359e-04
3.359e-04
3.359e-04
3.359e-04
3.359e-04
3.359e-04
3.359e-04
3.359e-04
3.359e-04
3.359e-04
3.359e-04
3.359e-04
3.359e-04
3.359e-04
3.359e-04
3.359e-04
3.359e-04
3.359e-04
3.359e-04
3.359e-04
3.359e-04
3.359e-04
3.359e-04
3.359e-04
3.359e-04
3.359e-04
3.359e-04
3.359e-04
3.359e-04
3.359e-04
3.359e-04
3.359e-04
3.359e-04
3.359e-04
3.359e-04
3.359e-04
3.359e-04
3.359e-04
3.359e-04
3.359e-04
3.359e-04
3.359e-04
3.359e-04
3.359e-04
3.359e-04
3.359e-04
3.359e-04
3.359e-04
3.359e-04
3.359e-04
3.359e-04
3.359e-04
3.359e-04
3.359e-04
3.359e-04
3.359e-04
3.359e-04
3.359e-04
3.359e-04
3.359e-04
3.359e-04
3.359e-04
3.359e-04
3.359e-04
3.359e-04
3.359e-04
3.359e-04
3.359e-04
3.359e-04
3.359e-04
3.359e-04
3.359e-04
3.359e-04
3.359e-04
3.359e-04
3.359e-04
3.359e-04
3.359e-04
3.359e-04
3.359e-04
3.359e-04
3.359e-04
3.359e-04
3.359e-04
3.359e-04
3.359e-04
3.359e-04
3.359e-04
3.359e-04
3.359e-04
3.359e-04
3.359e-04
3.359e-04
3.359e-04
3.359e-04
3.359e-04
3.359e-04
3.359e-04
3.359e-04
3.359e-04
3.359e-04
3.359e-04
3.359e-04
3.359e-04
3.359e-04
3.359e-04
3.359e-04
3.359e-04
3.359e-04
3.359e-04
3.359e-04
3.359e-04
3.359e-04
3.359e-04
3.359e-04
3.359e-04
3.359e-04
3.359e-04
3.359e-04
3.359e-04
3.359e-04
3.359e-04
3.359e-04
3.359e-04
3.359e-04
3.359e-04
3.359e-04
3.359e-04
3.359e-04
3.359e-04
3.359e-04
3.359e-04
3.359e-04
3.359e-04
3.359e-04
3.359e-04
3.359e-04
3.359e-04
3.359e-04
3.359e-04
3.359e-04
3.359e-04
3.359e-04
3.359e-04
3.359e-04
3.359e-04
3.359e-04
3.359e-04
3.359e-04
3.359e-04
3.359e-04
3.359e-04
3.359e-04
3.359e-04
3.359e-04
3.359e-04
3.359e-04
3.359e-04
3.359e-04
3.359e-04
3.359e-04
3.359e-04
3.359e-04
3.359e-04
3.359e-04
3.359e-04
3.359e-04
3.359e-04
3.359e-04
3.359e-04
3.359e-04
3.359e-04
3.359e-04
3.359e-04
3.359e-04
3.359e-04
3.359e-04
3.359e-04
3.359e-04
3.359e-04
3.359e-04
3.359e-04
3.359e-04
3.359e-04
3.359e-04
3.359e-04
3.359e-04
3.359e-04
3.359e-04
3.359e-04
3.359e-04
3.359e-04
3.359e-04
3.359e-04
3.359e-04
3.359e-04
3.359e-04
3.359e-04
3.359e-04
3.359e-04
3.359e-04
3.359e-04
3.359e-04
3.359e-04
3.359e-04
3.359e-04
3.359e-04
3.359e-04
3.359e-04
3.359e-04
3.359e-04
3.359e-04
3.359e-04
3.359e-04
3.359e-04
3.359e-04
3.359e-04
3.359e-04
3.359e-04
3.359e-04
3.359e-04
3.359e-04
3.359e-04
3.359e-04
3.359e-04
3.358e-04
3.358e-04
3.358e-04
3.358e-04
3.358e-04
3.358e-04
3.358e-04
3.358e-04
3.358e-04
3.358e-04
3.358e-04
3.358e-04
3.358e-04
3.358e-04
3.358e-04
3.358e-04
3.358e-04
3.358e-04
3.358e-04
3.358e-04
3.358e-04
3.358e-04
3.358e-04
3.358e-04
3.358e-04
3.358e-04
3.358e-04
3.358e-04
3.358e-04
3.358e-04
3.358e-04
3.358e-04
3.358e-04
3.358e-04
3.358e-04
3.358e-04
3.358e-04
3.358e-04
3.358e-04
3.358e-04
3.358e-04
3.358e-04
3.358e-04
3.358e-04
3.358e-04
3.358e-04
3.358e-04
3.358e-04
3.358e-04
3.358e-04
3.358e-04
3.358e-04
3.358e-04
3.358e-04
3.358e-04
3.358e-04
3.358e-04
3.358e-04
3.358e-04
3.358e-04
3.358e-04
3.358e-04
3.358e-04
3.358e-04
3.358e-04
3.358e-04
3.358e-04
3.358e-04
3.358e-04
3.358e-04
3.358e-04
3.358e-04
3.358e-04
3.358e-04
3.358e-04
3.358e-04
3.358e-04
3.358e-04
3.358e-04
3.358e-04
3.358e-04
3.358e-04
3.358e-04
3.358e-04
3.358e-04
3.358e-04
3.358e-04
3.358e-04
3.358e-04
3.358e-04
3.358e-04
3.358e-04
3.358e-04
3.358e-04
3.358e-04
3.358e-04
3.358e-04
3.358e-04
3.358e-04
3.358e-04
3.358e-04
3.358e-04
3.358e-04
3.358e-04
3.358e-04
3.358e-04
3.358e-04
3.358e-04
3.358e-04
3.358e-04
3.358e-04
3.358e-04
3.358e-04
3.358e-04
3.358e-04
3.358e-04
3.358e-04
3.358e-04
3.358e-04
3.358e-04
3.358e-04
3.358e-04
3.358e-04
3.358e-04
3.358e-04
3.358e-04
3.358e-04
3.358e-04
3.358e-04
3.358e-04
3.358e-04
3.358e-04
3.358e-04
3.358e-04
3.358e-04
3.358e-04
3.358e-04
3.358e-04
3.358e-04
3.358e-04
3.358e-04
3.358e-04
3.358e-04
3.358e-04
3.358e-04
3.358e-04
3.358e-04
3.358e-04
3.358e-04
3.358e-04
3.358e-04
3.358e-04
3.358e-04
3.358e-04
3.358e-04
3.358e-04
3.358e-04
3.358e-04
3.358e-04
3.358e-04
3.358e-04
3.358e-04
3.358e-04
3.358e-04
3.358e-04
3.358e-04
3.358e-04
3.358e-04
3.358e-04
3.358e-04
3.358e-04
3.358e-04
3.358e-04
3.358e-04
3.358e-04
3.358e-04
3.358e-04
3.358e-04
3.358e-04
3.358e-04
3.358e-04
3.358e-04
3.358e-04
3.358e-04
3.358e-04
3.358e-04
3.358e-04
3.358e-04
3.358e-04
3.358e-04
3.358e-04
3.358e-04
3.358e-04
3.358e-04
3.358e-04
3.358e-04
3.358e-04
3.358e-04
3.358e-04
3.358e-04
3.358e-04
3.358e-04
3.358e-04
3.358e-04
3.358e-04
3.358e-04
3.358e-04
3.358e-04
3.358e-04
3.358e-04
3.358e-04
3.358e-04
3.358e-04
3.358e-04
3.358e-04
3.358e-04
3.358e-04
3.358e-04
3.358e-04
3.358e-04
3.358e-04
3.358e-04
3.358e-04
3.358e-04
3.358e-04
3.358e-04
3.358e-04
3.358e-04
3.358e-04
3.358e-04
3.358e-04
3.358e-04
3.358e-04
3.358e-04
3.358e-04
3.358e-04
3.358e-04
3.358e-04
3.358e-04
3.358e-04
3.358e-04
3.358e-04
3.358e-04
3.358e-04
3.358e-04
3.358e-04
3.358e-04
3.358e-04
3.358e-04
3.358e-04
3.358e-04
3.358e-04
3.358e-04
3.358e-04
3.358e-04
3.358e-04
3.358e-04
3.358e-04
3.358e-04
3.358e-04
3.358e-04
3.358e-04
3.358e-04
3.358e-04
3.358e-04
3.358e-04
3.358e-04
3.358e-04
3.358e-04
3.358e-04
3.358e-04
3.358e-04
3.358e-04
3.358e-04
3.358e-04
3.358e-04
3.358e-04
3.358e-04
3.358e-04
3.358e-04
3.358e-04
3.358e-04
3.358e-04
3.358e-04
3.358e-04
3.358e-04
3.358e-04
3.358e-04
3.358e-04
3.358e-04
3.358e-04
3.358e-04
3.358e-04
3.358e-04
3.358e-04
3.358e-04
3.358e-04
3.358e-04
3.358e-04
3.358e-04
3.358e-04
3.358e-04
3.358e-04
3.358e-04
3.358e-04
3.358e-04
3.358e-04
3.358e-04
3.358e-04
3.358e-04
3.358e-04
3.358e-04
3.358e-04
3.358e-04
3.358e-04
3.358e-04
3.358e-04
3.358e-04
3.358e-04
3.358e-04
3.358e-04
3.358e-04
3.358e-04
3.358e-04
3.358e-04
3.358e-04
3.358e-04
3.358e-04
3.358e-04
3.358e-04
3.358e-04
3.358e-04
3.358e-04
3.358e-04
3.358e-04
3.358e-04
3.358e-04
3.358e-04
3.358e-04
3.358e-04
3.358e-04
3.358e-04
3.358e-04
3.358e-04
3.358e-04
3.358e-04
3.358e-04
3.358e-04
3.358e-04
3.358e-04
3.358e-04
3.358e-04
3.358e-04
3.358e-04
3.358e-04
3.358e-04
3.358e-04
3.358e-04
3.358e-04
3.358e-04
3.358e-04
3.358e-04
3.358e-04
3.358e-04
3.358e-04
3.358e-04
3.358e-04
3.358e-04
3.358e-04
3.358e-04
3.358e-04
3.358e-04
3.358e-04
3.358e-04
3.358e-04
3.358e-04
3.358e-04
3.358e-04
3.358e-04
3.358e-04
3.358e-04
3.358e-04
3.358e-04
3.358e-04
3.358e-04
3.358e-04
3.358e-04
3.358e-04
3.358e-04
3.358e-04
3.358e-04
3.358e-04
3.358e-04
3.358e-04
3.358e-04
3.358e-04
3.358e-04
3.358e-04
3.358e-04
3.358e-04
3.358e-04
3.358e-04
3.358e-04
3.358e-04
3.358e-04
3.358e-04
3.358e-04
3.358e-04
3.358e-04
3.358e-04
3.358e-04
3.358e-04
3.358e-04
3.358e-04
3.358e-04
3.358e-04
3.358e-04
3.358e-04
3.358e-04
3.358e-04
3.358e-04
3.358e-04
3.358e-04
3.358e-04
3.358e-04
3.358e-04
3.358e-04
3.358e-04
3.358e-04
3.358e-04
3.358e-04
3.358e-04
3.358e-04
3.358e-04
3.358e-04
3.358e-04
3.358e-04
3.358e-04
3.358e-04
3.358e-04
3.358e-04
3.358e-04
3.358e-04
3.358e-04
3.358e-04
3.358e-04
3.358e-04
3.358e-04
3.358e-04
3.358e-04
3.358e-04
3.358e-04
3.358e-04
3.358e-04
3.358e-04
3.358e-04
3.358e-04
3.358e-04
3.358e-04
3.358e-04
3.358e-04
3.358e-04
3.358e-04
3.358e-04
3.358e-04
3.358e-04
3.358e-04
3.358e-04
3.358e-04
3.358e-04
3.358e-04
3.358e-04
3.358e-04
3.358e-04
3.358e-04
3.358e-04
3.358e-04
3.358e-04
3.358e-04
3.358e-04
3.358e-04
3.358e-04
3.358e-04
3.358e-04
3.358e-04
3.358e-04
3.358e-04
3.358e-04
3.358e-04
3.358e-04
3.358e-04
3.358e-04
3.358e-04
3.358e-04
3.358e-04
3.358e-04
3.358e-04
3.358e-04
3.358e-04
3.358e-04
3.358e-04
3.358e-04
3.358e-04
3.358e-04
3.358e-04
3.358e-04
3.358e-04
3.358e-04
3.358e-04
3.358e-04
3.358e-04
3.358e-04
3.358e-04
3.358e-04
3.358e-04
3.358e-04
3.358e-04
3.358e-04
3.358e-04
3.358e-04
3.358e-04
3.358e-04
3.358e-04
3.358e-04
3.358e-04
3.358e-04
3.358e-04
3.358e-04
3.358e-04
3.358e-04
3.358e-04
3.358e-04
3.358e-04
3.358e-04
3.358e-04
3.358e-04
3.358e-04
3.358e-04
3.358e-04
3.358e-04
3.358e-04
3.358e-04
3.358e-04
3.358e-04
3.358e-04
3.358e-04
3.358e-04
3.358e-04
3.358e-04
3.358e-04
3.358e-04
3.358e-04
3.358e-04
3.358e-04
3.358e-04
3.358e-04
3.358e-04
3.358e-04
3.358e-04
3.358e-04
3.358e-04
3.358e-04
3.358e-04
3.358e-04
3.358e-04
3.358e-04
3.358e-04
3.358e-04
3.358e-04
3.358e-04
3.358e-04
3.358e-04
3.358e-04
3.358e-04
3.358e-04
3.358e-04
3.358e-04
3.358e-04
3.358e-04
3.358e-04
3.358e-04
3.358e-04
3.358e-04
3.358e-04
3.358e-04
3.358e-04
3.358e-04
3.358e-04
3.358e-04
3.358e-04
3.358e-04
3.358e-04
3.358e-04
3.358e-04
3.358e-04
3.358e-04
3.358e-04
3.358e-04
3.358e-04
3.358e-04
3.358e-04
3.358e-04
3.358e-04
3.358e-04
3.358e-04
3.358e-04
3.358e-04
3.358e-04
3.358e-04
3.358e-04
3.358e-04
3.358e-04
3.358e-04
3.358e-04
3.358e-04
3.358e-04
3.358e-04
3.358e-04
3.358e-04
3.358e-04
3.358e-04
3.358e-04
3.358e-04
3.358e-04
3.358e-04
3.358e-04
3.358e-04
3.358e-04
3.358e-04
3.358e-04
3.358e-04
3.358e-04
3.358e-04
3.358e-04
3.358e-04
3.358e-04
3.358e-04
3.358e-04
3.358e-04
3.358e-04
3.358e-04
3.358e-04
3.358e-04
3.358e-04
3.358e-04
3.358e-04
3.358e-04
3.358e-04
3.358e-04
3.358e-04
3.358e-04
3.358e-04
3.358e-04
3.358e-04
3.358e-04
3.358e-04
3.358e-04
3.358e-04
3.358e-04
3.358e-04
3.358e-04
3.358e-04
3.358e-04
3.358e-04
3.358e-04
3.358e-04
3.358e-04
3.358e-04
3.358e-04
3.358e-04
3.358e-04
3.358e-04
3.358e-04
3.358e-04
3.358e-04
3.358e-04
3.358e-04
3.358e-04
3.358e-04
3.358e-04
3.358e-04
3.358e-04
3.358e-04
3.358e-04
3.358e-04
3.358e-04
3.358e-04
3.357e-04
3.357e-04
3.357e-04
3.357e-04
3.357e-04
3.357e-04
3.357e-04
3.357e-04
3.357e-04
3.357e-04
3.357e-04
3.357e-04
3.357e-04
3.357e-04
3.357e-04
3.357e-04
3.357e-04
3.357e-04
3.357e-04
3.357e-04
3.357e-04
3.357e-04
3.357e-04
3.357e-04
3.357e-04
3.357e-04
3.357e-04
3.357e-04
3.357e-04
3.357e-04
3.357e-04
3.357e-04
3.357e-04
3.357e-04
3.357e-04
3.357e-04
3.357e-04
3.357e-04
3.357e-04
3.357e-04
3.357e-04
3.357e-04
3.357e-04
3.357e-04
3.357e-04
3.357e-04
3.357e-04
3.357e-04
3.357e-04
3.357e-04
3.357e-04
3.357e-04
3.357e-04
3.357e-04
3.357e-04
3.357e-04
3.357e-04
3.357e-04
3.357e-04
3.357e-04
3.357e-04
3.357e-04
3.357e-04
3.357e-04
3.357e-04
3.357e-04
3.357e-04
3.357e-04
3.357e-04
3.357e-04
3.357e-04
3.357e-04
3.357e-04
3.357e-04
3.357e-04
3.357e-04
3.357e-04
3.357e-04
3.357e-04
3.357e-04
3.357e-04
3.357e-04
3.357e-04
3.357e-04
3.357e-04
3.357e-04
3.357e-04
3.357e-04
3.357e-04
3.357e-04
3.357e-04
3.357e-04
3.357e-04
3.357e-04
3.357e-04
3.357e-04
3.357e-04
3.357e-04
3.357e-04
3.357e-04
3.357e-04
3.357e-04
3.357e-04
3.357e-04
3.357e-04
3.357e-04
3.357e-04
3.357e-04
3.357e-04
3.357e-04
3.357e-04
3.357e-04
3.357e-04
3.357e-04
3.357e-04
3.357e-04
3.357e-04
3.357e-04
3.357e-04
3.357e-04
3.357e-04
3.357e-04
3.357e-04
3.357e-04
3.357e-04
3.357e-04
3.357e-04
3.357e-04
3.357e-04
3.357e-04
3.357e-04
3.357e-04
3.357e-04
3.357e-04
3.357e-04
3.357e-04
3.357e-04
3.357e-04
3.357e-04
3.357e-04
3.357e-04
3.357e-04
3.357e-04
3.357e-04
3.357e-04
3.357e-04
3.357e-04
3.357e-04
3.357e-04
3.357e-04
3.357e-04
3.357e-04
3.357e-04
3.357e-04
3.357e-04
3.357e-04
3.357e-04
3.357e-04
3.357e-04
3.357e-04
3.357e-04
3.357e-04
3.357e-04
3.357e-04
3.357e-04
3.357e-04
3.357e-04
3.357e-04
3.357e-04
3.357e-04
3.357e-04
3.357e-04
3.357e-04
3.357e-04
3.357e-04
3.357e-04
3.357e-04
3.357e-04
3.357e-04
3.357e-04
3.357e-04
3.357e-04
3.357e-04
3.357e-04
3.357e-04
3.357e-04
3.357e-04
3.357e-04
3.357e-04
3.357e-04
3.357e-04
3.357e-04
3.357e-04
3.357e-04
3.357e-04
3.357e-04
3.357e-04
3.357e-04
3.357e-04
3.357e-04
3.357e-04
3.357e-04
3.357e-04
3.357e-04
3.357e-04
3.357e-04
3.357e-04
3.357e-04
3.357e-04
3.357e-04
3.357e-04
3.357e-04
3.357e-04
3.357e-04
3.357e-04
3.357e-04
3.357e-04
3.357e-04
3.357e-04
3.357e-04
3.357e-04
3.357e-04
3.357e-04
3.357e-04
3.357e-04
3.357e-04
3.357e-04
3.357e-04
3.357e-04
3.357e-04
3.357e-04
3.357e-04
3.357e-04
3.357e-04
3.357e-04
3.357e-04
3.357e-04
3.357e-04
3.357e-04
3.357e-04
3.357e-04
3.357e-04
3.357e-04
3.357e-04
3.357e-04
3.357e-04
3.357e-04
3.357e-04
3.357e-04
3.357e-04
3.357e-04
3.357e-04
3.357e-04
3.357e-04
3.357e-04
3.357e-04
3.357e-04
3.357e-04
3.357e-04
3.357e-04
3.357e-04
3.357e-04
3.357e-04
3.357e-04
3.357e-04
3.357e-04
3.357e-04
3.357e-04
3.357e-04
3.357e-04
3.357e-04
3.357e-04
3.357e-04
3.357e-04
3.357e-04
3.357e-04
3.357e-04
3.357e-04
3.357e-04
3.357e-04
3.357e-04
3.357e-04
3.357e-04
3.357e-04
3.357e-04
3.357e-04
3.357e-04
3.357e-04
3.357e-04
3.357e-04
3.357e-04
3.357e-04
3.357e-04
3.357e-04
3.357e-04
3.357e-04
3.357e-04
3.357e-04
3.357e-04
3.357e-04
3.357e-04
3.357e-04
3.357e-04
3.357e-04
3.357e-04
3.357e-04
3.357e-04
3.357e-04
3.357e-04
3.357e-04
3.357e-04
3.357e-04
3.357e-04
3.357e-04
3.357e-04
3.357e-04
3.357e-04
3.357e-04
3.357e-04
3.357e-04
3.357e-04
3.357e-04
3.357e-04
3.357e-04
3.357e-04
3.357e-04
3.357e-04
3.357e-04
3.357e-04
3.357e-04
3.357e-04
3.357e-04
3.357e-04
3.357e-04
3.357e-04
3.357e-04
3.357e-04
3.357e-04
3.357e-04
3.357e-04
3.357e-04
3.357e-04
3.357e-04
3.357e-04
3.357e-04
3.357e-04
3.357e-04
3.357e-04
3.357e-04
3.357e-04
3.357e-04
3.357e-04
3.357e-04
3.357e-04
3.357e-04
3.357e-04
3.357e-04
3.357e-04
3.357e-04
3.357e-04
3.357e-04
3.357e-04
3.357e-04
3.357e-04
3.357e-04
3.357e-04
3.357e-04
3.357e-04
3.357e-04
3.357e-04
3.357e-04
3.357e-04
3.357e-04
3.357e-04
3.357e-04
3.357e-04
3.357e-04
3.357e-04
3.357e-04
3.357e-04
3.357e-04
3.357e-04
3.357e-04
3.357e-04
3.357e-04
3.357e-04
3.357e-04
3.357e-04
3.357e-04
3.357e-04
3.357e-04
3.357e-04
3.357e-04
3.357e-04
3.357e-04
3.357e-04
3.357e-04
3.357e-04
3.357e-04
3.357e-04
3.357e-04
3.357e-04
3.357e-04
3.357e-04
3.357e-04
3.357e-04
3.357e-04
3.357e-04
3.357e-04
3.357e-04
3.357e-04
3.357e-04
3.357e-04
3.357e-04
3.357e-04
3.357e-04
3.357e-04
3.357e-04
3.357e-04
3.357e-04
3.357e-04
3.357e-04
3.357e-04
3.357e-04
3.357e-04
3.357e-04
3.357e-04
3.357e-04
3.357e-04
3.357e-04
3.357e-04
3.357e-04
3.357e-04
3.357e-04
3.357e-04
3.357e-04
3.357e-04
3.357e-04
3.357e-04
3.357e-04
3.357e-04
3.357e-04
3.357e-04
3.357e-04
3.357e-04
3.357e-04
3.357e-04
3.357e-04
3.357e-04
3.357e-04
3.357e-04
3.357e-04
3.357e-04
3.357e-04
3.357e-04
3.357e-04
3.357e-04
3.357e-04
3.357e-04
3.357e-04
3.357e-04
3.357e-04
3.357e-04
3.357e-04
3.357e-04
3.357e-04
3.357e-04
3.357e-04
3.357e-04
3.357e-04
3.357e-04
3.357e-04
3.357e-04
3.357e-04
3.357e-04
3.357e-04
3.357e-04
3.357e-04
3.357e-04
3.357e-04
3.357e-04
3.357e-04
3.357e-04
3.357e-04
3.357e-04
3.357e-04
3.357e-04
3.357e-04
3.357e-04
3.357e-04
3.357e-04
3.357e-04
3.357e-04
3.357e-04
3.357e-04
3.357e-04
3.357e-04
3.357e-04
3.357e-04
3.357e-04
3.357e-04
3.357e-04
3.357e-04
3.357e-04
3.357e-04
3.357e-04
3.357e-04
3.357e-04
3.357e-04
3.357e-04
3.357e-04
3.357e-04
3.357e-04
3.357e-04
3.357e-04
3.357e-04
3.357e-04
3.357e-04
3.357e-04
3.357e-04
3.357e-04
3.357e-04
3.357e-04
3.357e-04
3.357e-04
3.357e-04
3.357e-04
3.357e-04
3.357e-04
3.357e-04
3.357e-04
3.357e-04
3.357e-04
3.357e-04
3.357e-04
3.357e-04
3.357e-04
3.357e-04
3.357e-04
3.357e-04
3.357e-04
3.357e-04
3.357e-04
3.357e-04
3.357e-04
3.357e-04
3.357e-04
3.357e-04
3.357e-04
3.357e-04
3.357e-04
3.357e-04
3.357e-04
3.357e-04
3.357e-04
3.357e-04
3.357e-04
3.357e-04
3.357e-04
3.357e-04
3.357e-04
3.357e-04
3.357e-04
3.357e-04
3.357e-04
3.357e-04
3.357e-04
3.357e-04
3.357e-04
3.357e-04
3.357e-04
3.357e-04
3.357e-04
3.357e-04
3.357e-04
3.357e-04
3.357e-04
3.357e-04
3.357e-04
3.357e-04
3.357e-04
3.357e-04
3.357e-04
3.357e-04
3.357e-04
3.357e-04
3.357e-04
3.357e-04
3.357e-04
3.357e-04
3.357e-04
3.357e-04
3.357e-04
3.357e-04
3.357e-04
3.357e-04
3.357e-04
3.357e-04
3.357e-04
3.357e-04
3.357e-04
3.357e-04
3.357e-04
3.357e-04
3.357e-04
3.357e-04
3.357e-04
3.357e-04
3.357e-04
3.357e-04
3.357e-04
3.357e-04
3.357e-04
3.357e-04
3.357e-04
3.357e-04
3.357e-04
3.357e-04
3.357e-04
3.357e-04
3.357e-04
3.357e-04
3.357e-04
3.357e-04
3.357e-04
3.357e-04
3.357e-04
3.357e-04
3.357e-04
3.357e-04
3.357e-04
3.357e-04
3.357e-04
3.357e-04
3.357e-04
3.357e-04
3.357e-04
3.357e-04
3.357e-04
3.357e-04
3.357e-04
3.357e-04
3.357e-04
3.357e-04
3.357e-04
3.357e-04
3.357e-04
3.357e-04
3.357e-04
3.357e-04
3.357e-04
3.357e-04
3.357e-04
3.357e-04
3.357e-04
3.357e-04
3.357e-04
3.357e-04
3.357e-04
3.357e-04
3.357e-04
3.357e-04
3.357e-04
3.357e-04
3.357e-04
3.357e-04
3.357e-04
3.357e-04
3.357e-04
3.357e-04
3.357e-04
3.357e-04
3.357e-04
3.357e-04
3.357e-04
3.357e-04
3.357e-04
3.357e-04
3.357e-04
3.357e-04
3.357e-04
3.357e-04
3.357e-04
3.357e-04
