Converged maximum error: 
6.438e-01
4.070e-01
2.718e-01
1.828e-01
1.189e-01
7.655e-02
7.750e-02
7.218e-02
6.599e-02
6.114e-02
5.845e-02
5.512e-02
5.180e-02
4.886e-02
4.643e-02
4.452e-02
4.306e-02
4.214e-02
4.196e-02
4.179e-02
4.164e-02
4.150e-02
4.137e-02
4.126e-02
4.115e-02
4.106e-02
4.098e-02
4.091e-02
4.085e-02
4.079e-02
4.074e-02
4.070e-02
4.066e-02
4.063e-02
4.060e-02
4.057e-02
4.055e-02
4.053e-02
4.051e-02
4.049e-02
4.048e-02
4.046e-02
4.045e-02
4.044e-02
4.044e-02
4.043e-02
4.042e-02
4.041e-02
4.041e-02
4.040e-02
4.040e-02
4.040e-02
4.039e-02
4.039e-02
4.039e-02
4.039e-02
4.038e-02
4.038e-02
4.038e-02
4.038e-02
4.038e-02
4.038e-02
4.038e-02
4.038e-02
4.038e-02
4.037e-02
4.037e-02
4.037e-02
4.037e-02
4.037e-02
4.037e-02
4.037e-02
4.037e-02
4.037e-02
4.037e-02
4.037e-02
4.037e-02
4.037e-02
4.037e-02
4.037e-02
4.037e-02
4.037e-02
4.037e-02
4.037e-02
4.037e-02
4.037e-02
4.037e-02
4.037e-02
4.037e-02
4.037e-02
4.037e-02
4.037e-02
4.037e-02
4.037e-02
4.037e-02
4.037e-02
4.037e-02
4.037e-02
4.037e-02
4.037e-02
4.037e-02
4.037e-02
4.037e-02
4.037e-02
4.037e-02
4.037e-02
4.037e-02
4.037e-02
4.037e-02
4.037e-02
4.037e-02
4.037e-02
4.037e-02
4.037e-02
4.037e-02
4.037e-02
4.037e-02
4.037e-02
4.037e-02
4.037e-02
4.037e-02
4.037e-02
4.037e-02
4.037e-02
4.037e-02
4.037e-02
4.037e-02
4.037e-02
4.037e-02
4.037e-02
4.037e-02
4.037e-02
4.037e-02
4.037e-02
4.037e-02
4.037e-02
4.037e-02
4.037e-02
4.037e-02
4.037e-02
4.037e-02
4.037e-02
4.037e-02
4.037e-02
