Error of smoother:
4.015e-03
3.999e-03
3.983e-03
3.967e-03
3.951e-03
3.935e-03
3.919e-03
3.904e-03
3.888e-03
3.872e-03
3.857e-03
3.841e-03
3.826e-03
3.811e-03
3.795e-03
3.780e-03
3.765e-03
3.750e-03
3.735e-03
3.720e-03
3.705e-03
3.690e-03
3.675e-03
3.661e-03
3.646e-03
3.631e-03
3.617e-03
3.602e-03
3.588e-03
3.574e-03
3.559e-03
3.545e-03
3.531e-03
3.517e-03
3.503e-03
3.489e-03
3.475e-03
3.461e-03
3.447e-03
3.433e-03
3.419e-03
3.406e-03
3.392e-03
3.378e-03
3.365e-03
3.351e-03
3.338e-03
3.325e-03
3.311e-03
3.298e-03
3.285e-03
3.272e-03
3.259e-03
3.246e-03
3.233e-03
3.220e-03
3.207e-03
3.194e-03
3.181e-03
3.169e-03
3.156e-03
3.143e-03
3.131e-03
3.118e-03
3.106e-03
3.093e-03
3.081e-03
3.069e-03
3.057e-03
3.044e-03
3.032e-03
3.020e-03
3.008e-03
2.996e-03
2.984e-03
2.972e-03
2.960e-03
2.949e-03
2.937e-03
2.925e-03
2.914e-03
2.902e-03
2.890e-03
2.879e-03
2.867e-03
2.856e-03
2.845e-03
2.833e-03
2.822e-03
2.811e-03
2.800e-03
2.788e-03
2.777e-03
2.766e-03
2.755e-03
2.744e-03
2.733e-03
2.723e-03
2.712e-03
2.701e-03
2.690e-03
2.679e-03
2.669e-03
2.658e-03
2.648e-03
2.637e-03
2.627e-03
2.616e-03
2.606e-03
2.595e-03
2.585e-03
2.575e-03
2.565e-03
2.554e-03
2.544e-03
2.534e-03
2.524e-03
2.514e-03
2.504e-03
2.494e-03
2.484e-03
2.474e-03
2.465e-03
2.455e-03
2.445e-03
2.435e-03
2.426e-03
2.416e-03
2.406e-03
2.397e-03
2.387e-03
2.378e-03
2.369e-03
2.359e-03
2.350e-03
2.340e-03
2.331e-03
2.322e-03
2.313e-03
2.303e-03
2.294e-03
2.285e-03
2.276e-03
2.267e-03
2.258e-03
2.249e-03
2.240e-03
2.231e-03
2.223e-03
2.214e-03
2.205e-03
2.196e-03
2.187e-03
2.179e-03
2.170e-03
2.162e-03
2.153e-03
2.144e-03
2.136e-03
2.127e-03
2.119e-03
2.111e-03
2.102e-03
2.094e-03
2.086e-03
2.077e-03
2.069e-03
2.061e-03
2.053e-03
2.044e-03
2.036e-03
2.028e-03
2.020e-03
2.012e-03
2.004e-03
1.996e-03
1.988e-03
1.980e-03
1.973e-03
1.965e-03
1.957e-03
1.949e-03
1.941e-03
1.934e-03
1.926e-03
1.918e-03
1.911e-03
1.903e-03
1.896e-03
1.888e-03
1.881e-03
1.873e-03
1.866e-03
1.858e-03
1.851e-03
1.844e-03
1.836e-03
1.829e-03
1.822e-03
1.814e-03
1.807e-03
1.800e-03
1.793e-03
1.786e-03
1.779e-03
1.772e-03
1.765e-03
1.758e-03
1.751e-03
1.744e-03
1.737e-03
1.730e-03
1.723e-03
1.716e-03
1.709e-03
1.702e-03
1.696e-03
1.689e-03
1.682e-03
1.676e-03
1.669e-03
1.662e-03
1.656e-03
1.649e-03
1.642e-03
1.636e-03
1.629e-03
1.623e-03
1.617e-03
1.610e-03
1.604e-03
1.597e-03
1.591e-03
1.585e-03
1.578e-03
1.572e-03
1.566e-03
1.560e-03
1.553e-03
1.547e-03
1.541e-03
1.535e-03
1.529e-03
1.523e-03
1.517e-03
1.511e-03
1.505e-03
1.499e-03
1.493e-03
1.487e-03
1.481e-03
1.475e-03
1.469e-03
1.463e-03
1.457e-03
1.451e-03
1.446e-03
1.440e-03
1.434e-03
1.428e-03
1.423e-03
1.417e-03
1.411e-03
1.406e-03
1.400e-03
1.395e-03
1.389e-03
1.383e-03
1.378e-03
1.372e-03
1.367e-03
1.362e-03
1.356e-03
1.351e-03
1.345e-03
1.340e-03
1.335e-03
1.329e-03
1.324e-03
1.319e-03
1.313e-03
1.308e-03
1.303e-03
1.298e-03
1.293e-03
1.287e-03
1.282e-03
1.277e-03
1.272e-03
1.267e-03
1.262e-03
1.257e-03
1.252e-03
1.247e-03
1.242e-03
1.237e-03
1.232e-03
1.227e-03
1.222e-03
1.217e-03
1.212e-03
1.208e-03
1.203e-03
1.198e-03
1.193e-03
1.188e-03
1.184e-03
1.179e-03
1.174e-03
1.169e-03
1.165e-03
1.160e-03
1.155e-03
1.151e-03
1.146e-03
1.142e-03
1.137e-03
1.132e-03
1.128e-03
1.123e-03
1.119e-03
1.114e-03
1.110e-03
1.106e-03
1.101e-03
1.097e-03
1.092e-03
1.088e-03
1.084e-03
1.079e-03
1.075e-03
1.071e-03
1.066e-03
1.062e-03
1.058e-03
1.054e-03
1.049e-03
1.045e-03
1.041e-03
1.037e-03
1.033e-03
1.028e-03
1.024e-03
1.020e-03
1.016e-03
1.012e-03
1.008e-03
1.004e-03
9.999e-04
9.959e-04
9.919e-04
9.880e-04
9.840e-04
9.801e-04
9.762e-04
9.722e-04
9.684e-04
9.645e-04
9.606e-04
9.568e-04
9.529e-04
9.491e-04
9.453e-04
9.415e-04
9.378e-04
9.340e-04
9.303e-04
9.265e-04
9.228e-04
9.191e-04
9.154e-04
9.118e-04
9.081e-04
9.045e-04
9.008e-04
8.972e-04
8.936e-04
8.901e-04
8.865e-04
8.829e-04
8.794e-04
8.759e-04
8.723e-04
8.688e-04
8.654e-04
8.619e-04
8.584e-04
8.550e-04
8.515e-04
8.481e-04
8.447e-04
8.413e-04
8.379e-04
8.346e-04
8.312e-04
8.279e-04
8.246e-04
8.213e-04
8.180e-04
8.147e-04
8.114e-04
8.081e-04
8.049e-04
8.016e-04
7.984e-04
7.952e-04
7.920e-04
7.888e-04
7.857e-04
7.825e-04
7.794e-04
7.762e-04
7.731e-04
7.700e-04
7.669e-04
7.638e-04
7.607e-04
7.577e-04
7.546e-04
7.516e-04
7.486e-04
7.455e-04
7.425e-04
7.396e-04
7.366e-04
7.336e-04
7.307e-04
7.277e-04
7.248e-04
7.219e-04
7.190e-04
7.161e-04
7.132e-04
7.103e-04
7.074e-04
7.046e-04
7.017e-04
6.989e-04
6.961e-04
6.933e-04
6.905e-04
6.877e-04
6.849e-04
6.822e-04
6.794e-04
6.767e-04
6.740e-04
6.712e-04
6.685e-04
6.658e-04
6.631e-04
6.605e-04
6.578e-04
6.551e-04
6.525e-04
6.499e-04
6.472e-04
6.446e-04
6.420e-04
6.394e-04
6.368e-04
6.343e-04
6.317e-04
6.292e-04
6.266e-04
6.241e-04
6.216e-04
6.191e-04
6.166e-04
6.141e-04
6.116e-04
6.091e-04
6.066e-04
6.042e-04
6.017e-04
5.993e-04
5.969e-04
5.945e-04
5.921e-04
5.897e-04
5.873e-04
5.849e-04
5.825e-04
5.802e-04
5.778e-04
5.755e-04
5.732e-04
5.709e-04
5.685e-04
5.662e-04
5.640e-04
5.617e-04
5.594e-04
5.571e-04
5.549e-04
5.526e-04
5.504e-04
5.482e-04
5.459e-04
5.437e-04
5.415e-04
5.393e-04
5.371e-04
5.350e-04
5.328e-04
5.306e-04
5.285e-04
5.263e-04
5.242e-04
5.221e-04
5.200e-04
5.179e-04
5.158e-04
5.137e-04
5.116e-04
5.095e-04
5.074e-04
5.054e-04
5.033e-04
5.013e-04
4.992e-04
4.972e-04
4.952e-04
4.932e-04
4.912e-04
4.892e-04
4.872e-04
4.852e-04
4.833e-04
4.813e-04
4.793e-04
4.774e-04
4.755e-04
4.735e-04
4.716e-04
4.697e-04
4.678e-04
4.659e-04
4.640e-04
4.621e-04
4.602e-04
4.583e-04
4.565e-04
4.546e-04
4.528e-04
4.509e-04
4.491e-04
4.473e-04
4.454e-04
4.436e-04
4.418e-04
4.400e-04
4.382e-04
4.365e-04
4.347e-04
4.329e-04
4.312e-04
4.294e-04
4.276e-04
4.259e-04
4.242e-04
4.224e-04
4.207e-04
4.190e-04
4.173e-04
4.156e-04
4.139e-04
4.122e-04
4.105e-04
4.089e-04
4.072e-04
4.055e-04
4.039e-04
4.022e-04
4.006e-04
3.990e-04
3.973e-04
3.957e-04
3.941e-04
3.925e-04
3.909e-04
3.893e-04
3.877e-04
3.861e-04
3.846e-04
3.830e-04
3.814e-04
3.799e-04
3.783e-04
3.768e-04
3.752e-04
3.737e-04
3.722e-04
3.707e-04
3.692e-04
3.676e-04
3.661e-04
3.646e-04
3.632e-04
3.617e-04
3.602e-04
3.587e-04
3.573e-04
3.558e-04
3.543e-04
3.529e-04
3.515e-04
3.500e-04
3.486e-04
3.472e-04
3.457e-04
3.443e-04
3.429e-04
3.415e-04
3.401e-04
3.387e-04
3.373e-04
3.360e-04
3.346e-04
3.332e-04
3.319e-04
3.305e-04
3.291e-04
3.278e-04
3.265e-04
3.252e-04
3.239e-04
3.226e-04
3.214e-04
3.201e-04
3.188e-04
3.176e-04
3.163e-04
3.151e-04
3.138e-04
3.126e-04
3.114e-04
3.101e-04
3.089e-04
3.077e-04
3.065e-04
3.053e-04
3.041e-04
3.029e-04
3.017e-04
3.005e-04
2.993e-04
2.981e-04
2.969e-04
2.958e-04
2.946e-04
2.935e-04
2.923e-04
2.911e-04
2.900e-04
2.889e-04
2.877e-04
2.866e-04
2.855e-04
2.843e-04
2.832e-04
2.821e-04
2.810e-04
2.799e-04
2.788e-04
2.777e-04
2.766e-04
2.755e-04
2.744e-04
2.733e-04
2.723e-04
2.712e-04
2.701e-04
2.691e-04
2.680e-04
2.670e-04
2.659e-04
2.649e-04
2.638e-04
2.628e-04
2.617e-04
2.607e-04
2.597e-04
2.587e-04
2.577e-04
2.566e-04
2.556e-04
2.546e-04
2.536e-04
2.526e-04
2.516e-04
2.507e-04
2.497e-04
2.487e-04
2.477e-04
2.467e-04
2.458e-04
2.448e-04
2.438e-04
2.429e-04
2.419e-04
2.410e-04
2.400e-04
2.391e-04
2.382e-04
2.372e-04
2.363e-04
2.354e-04
2.344e-04
2.335e-04
2.326e-04
2.317e-04
2.308e-04
2.299e-04
2.290e-04
2.281e-04
2.272e-04
2.263e-04
2.254e-04
2.245e-04
2.236e-04
2.228e-04
2.219e-04
2.210e-04
2.202e-04
2.193e-04
2.184e-04
2.176e-04
2.167e-04
2.159e-04
2.150e-04
2.142e-04
2.134e-04
2.125e-04
2.117e-04
2.109e-04
2.100e-04
2.092e-04
2.084e-04
2.076e-04
2.068e-04
2.060e-04
2.051e-04
2.043e-04
2.035e-04
2.028e-04
2.020e-04
2.012e-04
2.004e-04
1.996e-04
1.988e-04
1.980e-04
1.973e-04
1.965e-04
1.957e-04
1.950e-04
1.942e-04
1.934e-04
1.927e-04
1.919e-04
1.912e-04
1.904e-04
1.897e-04
1.889e-04
1.882e-04
1.875e-04
1.867e-04
1.860e-04
1.853e-04
1.846e-04
1.838e-04
1.831e-04
1.824e-04
1.817e-04
1.810e-04
1.803e-04
1.796e-04
1.789e-04
1.782e-04
1.775e-04
1.768e-04
1.761e-04
1.754e-04
1.747e-04
1.740e-04
1.734e-04
1.727e-04
1.720e-04
1.714e-04
1.707e-04
1.700e-04
1.694e-04
1.687e-04
1.680e-04
1.674e-04
1.667e-04
1.661e-04
1.654e-04
1.648e-04
1.642e-04
1.635e-04
1.629e-04
1.622e-04
1.616e-04
1.610e-04
1.604e-04
1.597e-04
1.591e-04
1.585e-04
1.579e-04
1.573e-04
1.567e-04
1.560e-04
1.554e-04
1.548e-04
1.542e-04
1.536e-04
1.530e-04
1.524e-04
1.519e-04
1.513e-04
1.507e-04
1.501e-04
1.495e-04
1.489e-04
1.483e-04
1.478e-04
1.472e-04
1.466e-04
1.461e-04
1.455e-04
1.449e-04
1.444e-04
1.438e-04
1.432e-04
1.427e-04
1.421e-04
1.416e-04
1.410e-04
1.405e-04
1.399e-04
1.394e-04
1.389e-04
1.383e-04
1.378e-04
1.372e-04
1.367e-04
1.362e-04
1.357e-04
1.351e-04
1.346e-04
1.341e-04
1.336e-04
1.330e-04
1.325e-04
1.320e-04
1.315e-04
1.310e-04
1.305e-04
1.300e-04
1.295e-04
1.290e-04
1.285e-04
1.280e-04
1.275e-04
1.270e-04
1.265e-04
1.260e-04
1.255e-04
1.250e-04
1.246e-04
1.241e-04
1.236e-04
1.231e-04
1.226e-04
1.222e-04
1.217e-04
1.212e-04
1.208e-04
1.203e-04
1.198e-04
1.194e-04
1.189e-04
1.184e-04
1.180e-04
1.175e-04
1.171e-04
1.166e-04
1.162e-04
1.157e-04
1.153e-04
1.148e-04
1.144e-04
1.139e-04
1.135e-04
1.131e-04
1.126e-04
1.122e-04
1.117e-04
1.113e-04
1.109e-04
1.105e-04
1.100e-04
1.096e-04
1.092e-04
1.088e-04
1.083e-04
1.079e-04
1.075e-04
1.071e-04
1.067e-04
1.063e-04
1.059e-04
1.055e-04
1.050e-04
1.046e-04
1.042e-04
1.038e-04
1.034e-04
1.030e-04
1.026e-04
1.022e-04
1.018e-04
1.015e-04
1.011e-04
1.007e-04
1.003e-04
9.990e-05
9.951e-05
9.913e-05
9.875e-05
9.837e-05
9.799e-05
9.761e-05
9.723e-05
9.686e-05
9.649e-05
9.611e-05
9.574e-05
9.538e-05
9.501e-05
9.464e-05
9.428e-05
9.391e-05
9.355e-05
9.319e-05
9.283e-05
9.248e-05
9.212e-05
9.177e-05
9.141e-05
9.106e-05
9.071e-05
9.036e-05
9.002e-05
8.967e-05
8.932e-05
8.898e-05
8.864e-05
8.830e-05
8.796e-05
8.762e-05
8.728e-05
8.695e-05
8.661e-05
8.628e-05
8.595e-05
8.562e-05
8.529e-05
8.496e-05
8.464e-05
8.431e-05
8.399e-05
8.366e-05
8.334e-05
8.302e-05
8.270e-05
8.239e-05
8.207e-05
8.176e-05
8.144e-05
8.113e-05
8.082e-05
8.051e-05
8.020e-05
7.989e-05
7.958e-05
7.928e-05
7.897e-05
7.867e-05
7.837e-05
7.807e-05
7.777e-05
7.747e-05
7.717e-05
7.688e-05
7.658e-05
7.629e-05
7.600e-05
7.571e-05
7.542e-05
7.513e-05
7.484e-05
7.455e-05
7.427e-05
7.398e-05
7.370e-05
7.342e-05
7.314e-05
7.286e-05
7.258e-05
7.230e-05
7.202e-05
7.175e-05
7.147e-05
7.120e-05
7.093e-05
7.065e-05
7.038e-05
7.011e-05
6.985e-05
6.958e-05
6.931e-05
6.905e-05
6.878e-05
6.852e-05
6.826e-05
6.800e-05
6.774e-05
6.748e-05
6.722e-05
6.696e-05
6.671e-05
6.645e-05
6.620e-05
6.595e-05
6.569e-05
6.544e-05
6.519e-05
6.494e-05
6.469e-05
6.445e-05
6.420e-05
6.396e-05
6.371e-05
6.347e-05
6.323e-05
6.299e-05
6.274e-05
6.251e-05
6.227e-05
6.203e-05
6.179e-05
6.156e-05
6.132e-05
6.109e-05
6.085e-05
6.062e-05
6.039e-05
6.016e-05
5.993e-05
5.970e-05
5.948e-05
5.925e-05
5.902e-05
5.880e-05
5.857e-05
5.835e-05
5.813e-05
5.791e-05
5.769e-05
5.747e-05
5.725e-05
5.703e-05
5.681e-05
5.660e-05
5.638e-05
5.616e-05
5.595e-05
5.574e-05
5.553e-05
5.531e-05
5.510e-05
5.489e-05
5.469e-05
5.448e-05
5.427e-05
5.406e-05
5.386e-05
5.365e-05
5.345e-05
5.325e-05
5.304e-05
5.284e-05
5.264e-05
5.244e-05
5.224e-05
5.204e-05
5.184e-05
5.165e-05
5.145e-05
5.126e-05
5.106e-05
5.087e-05
5.067e-05
5.048e-05
5.029e-05
5.010e-05
4.991e-05
4.972e-05
4.953e-05
4.934e-05
4.915e-05
4.897e-05
4.878e-05
4.860e-05
4.841e-05
4.823e-05
4.805e-05
4.786e-05
4.768e-05
4.750e-05
4.732e-05
4.714e-05
4.696e-05
4.678e-05
4.661e-05
4.643e-05
4.625e-05
4.608e-05
4.590e-05
4.573e-05
4.556e-05
4.538e-05
4.521e-05
4.504e-05
4.487e-05
4.470e-05
4.453e-05
4.436e-05
4.419e-05
4.403e-05
4.386e-05
4.369e-05
4.353e-05
4.336e-05
4.320e-05
4.304e-05
4.287e-05
4.271e-05
4.255e-05
4.239e-05
4.223e-05
4.207e-05
4.191e-05
4.175e-05
4.159e-05
4.144e-05
4.128e-05
4.112e-05
4.097e-05
4.081e-05
4.066e-05
4.050e-05
4.035e-05
4.020e-05
4.005e-05
3.990e-05
3.975e-05
3.960e-05
3.945e-05
3.930e-05
3.915e-05
3.900e-05
3.885e-05
3.871e-05
3.856e-05
3.841e-05
3.827e-05
3.813e-05
3.798e-05
3.784e-05
3.770e-05
3.755e-05
3.741e-05
3.727e-05
3.713e-05
3.699e-05
3.685e-05
3.671e-05
3.657e-05
3.644e-05
3.630e-05
3.616e-05
3.603e-05
3.589e-05
3.575e-05
3.562e-05
3.549e-05
3.535e-05
3.522e-05
3.509e-05
3.495e-05
3.482e-05
3.469e-05
3.456e-05
3.443e-05
3.430e-05
3.417e-05
3.404e-05
3.392e-05
3.379e-05
3.366e-05
3.353e-05
3.341e-05
3.328e-05
3.316e-05
3.303e-05
3.291e-05
3.278e-05
3.266e-05
3.254e-05
3.242e-05
3.229e-05
3.217e-05
3.205e-05
3.193e-05
3.181e-05
3.169e-05
3.157e-05
3.145e-05
3.134e-05
3.122e-05
3.110e-05
3.099e-05
3.087e-05
3.075e-05
3.064e-05
3.052e-05
3.041e-05
3.029e-05
3.018e-05
3.007e-05
2.995e-05
2.984e-05
2.973e-05
2.962e-05
2.951e-05
2.940e-05
2.929e-05
2.918e-05
2.907e-05
2.896e-05
2.885e-05
2.874e-05
2.863e-05
2.853e-05
2.842e-05
2.831e-05
2.821e-05
2.810e-05
2.800e-05
2.789e-05
2.779e-05
2.768e-05
2.758e-05
2.748e-05
2.737e-05
2.727e-05
2.717e-05
2.707e-05
2.697e-05
2.687e-05
2.677e-05
2.667e-05
2.657e-05
2.647e-05
2.637e-05
2.627e-05
2.617e-05
2.607e-05
2.598e-05
2.588e-05
2.578e-05
2.569e-05
2.559e-05
2.549e-05
2.540e-05
2.530e-05
2.521e-05
2.512e-05
2.502e-05
2.493e-05
2.484e-05
2.474e-05
2.465e-05
2.456e-05
2.447e-05
2.438e-05
2.429e-05
2.419e-05
2.410e-05
2.401e-05
2.393e-05
2.384e-05
2.375e-05
2.366e-05
2.357e-05
2.348e-05
2.340e-05
2.331e-05
2.322e-05
2.313e-05
2.305e-05
2.296e-05
2.288e-05
2.279e-05
2.271e-05
2.262e-05
2.254e-05
2.245e-05
2.237e-05
2.229e-05
2.221e-05
2.212e-05
2.204e-05
2.196e-05
2.188e-05
2.180e-05
2.171e-05
2.163e-05
2.155e-05
2.147e-05
2.139e-05
2.131e-05
2.123e-05
2.116e-05
2.108e-05
2.100e-05
2.092e-05
2.084e-05
2.077e-05
2.069e-05
2.061e-05
2.054e-05
2.046e-05
2.038e-05
2.031e-05
2.023e-05
2.016e-05
2.008e-05
2.001e-05
1.993e-05
1.986e-05
1.979e-05
1.971e-05
1.964e-05
1.957e-05
1.949e-05
1.942e-05
1.935e-05
1.928e-05
1.921e-05
1.914e-05
1.907e-05
1.900e-05
1.892e-05
1.885e-05
1.878e-05
1.872e-05
1.865e-05
1.858e-05
1.851e-05
1.844e-05
1.837e-05
1.830e-05
1.824e-05
1.817e-05
1.810e-05
1.803e-05
1.797e-05
1.790e-05
1.784e-05
1.777e-05
1.770e-05
1.764e-05
1.757e-05
1.751e-05
1.744e-05
1.738e-05
1.732e-05
1.725e-05
1.719e-05
1.712e-05
1.706e-05
1.700e-05
1.694e-05
1.687e-05
1.681e-05
1.675e-05
1.669e-05
1.663e-05
1.656e-05
1.650e-05
1.644e-05
1.638e-05
1.632e-05
1.626e-05
1.620e-05
1.614e-05
1.608e-05
1.602e-05
1.596e-05
1.590e-05
1.585e-05
1.579e-05
1.573e-05
1.567e-05
1.561e-05
1.556e-05
1.550e-05
1.544e-05
1.539e-05
1.533e-05
1.527e-05
1.522e-05
1.516e-05
1.510e-05
1.505e-05
1.499e-05
1.494e-05
1.488e-05
1.483e-05
1.477e-05
1.472e-05
1.467e-05
1.461e-05
1.456e-05
1.451e-05
1.445e-05
1.440e-05
1.435e-05
1.429e-05
1.424e-05
1.419e-05
1.414e-05
1.409e-05
1.403e-05
1.398e-05
1.393e-05
1.388e-05
1.383e-05
1.378e-05
1.373e-05
1.368e-05
1.363e-05
1.358e-05
1.353e-05
1.348e-05
1.343e-05
1.338e-05
1.333e-05
1.328e-05
1.323e-05
1.318e-05
1.314e-05
1.309e-05
1.304e-05
1.299e-05
1.295e-05
1.290e-05
1.285e-05
1.280e-05
1.276e-05
1.271e-05
1.266e-05
1.262e-05
1.257e-05
1.253e-05
1.248e-05
1.243e-05
1.239e-05
1.234e-05
1.230e-05
1.225e-05
1.221e-05
1.216e-05
1.212e-05
1.208e-05
1.203e-05
1.199e-05
1.194e-05
1.190e-05
1.186e-05
1.181e-05
1.177e-05
1.173e-05
1.168e-05
1.164e-05
1.160e-05
1.156e-05
1.152e-05
1.147e-05
1.143e-05
1.139e-05
1.135e-05
1.131e-05
1.127e-05
1.123e-05
1.118e-05
1.114e-05
1.110e-05
1.106e-05
1.102e-05
1.098e-05
1.094e-05
1.090e-05
1.086e-05
1.082e-05
1.078e-05
1.074e-05
1.071e-05
1.067e-05
1.063e-05
1.059e-05
1.055e-05
1.051e-05
1.047e-05
1.044e-05
1.040e-05
1.036e-05
1.032e-05
1.029e-05
1.025e-05
1.021e-05
1.017e-05
1.014e-05
1.010e-05
1.006e-05
1.003e-05
9.991e-06
9.955e-06
9.919e-06
9.883e-06
9.847e-06
9.812e-06
9.776e-06
9.741e-06
9.705e-06
9.670e-06
9.635e-06
9.600e-06
9.566e-06
9.531e-06
9.496e-06
9.462e-06
9.428e-06
9.394e-06
9.360e-06
9.326e-06
9.292e-06
9.259e-06
9.225e-06
9.192e-06
9.159e-06
9.125e-06
9.093e-06
9.060e-06
9.027e-06
8.994e-06
8.962e-06
8.930e-06
8.897e-06
8.865e-06
8.833e-06
8.801e-06
8.770e-06
8.738e-06
8.706e-06
8.675e-06
8.644e-06
8.613e-06
8.581e-06
8.551e-06
8.520e-06
8.489e-06
8.458e-06
8.428e-06
8.398e-06
8.367e-06
8.337e-06
8.307e-06
8.277e-06
8.247e-06
8.218e-06
8.188e-06
8.159e-06
8.129e-06
8.100e-06
8.071e-06
8.042e-06
8.013e-06
7.984e-06
7.956e-06
7.927e-06
7.898e-06
7.870e-06
7.842e-06
7.814e-06
7.786e-06
7.758e-06
7.730e-06
7.702e-06
7.674e-06
7.647e-06
7.619e-06
7.592e-06
7.565e-06
7.538e-06
7.511e-06
7.484e-06
7.457e-06
7.430e-06
7.403e-06
7.377e-06
7.350e-06
7.324e-06
7.298e-06
7.272e-06
7.246e-06
7.220e-06
7.194e-06
7.168e-06
7.143e-06
7.117e-06
7.091e-06
7.066e-06
7.041e-06
7.016e-06
6.991e-06
6.966e-06
6.941e-06
6.916e-06
6.891e-06
6.867e-06
6.842e-06
6.818e-06
6.794e-06
6.769e-06
6.745e-06
6.721e-06
6.697e-06
6.674e-06
6.650e-06
6.626e-06
6.603e-06
6.579e-06
6.556e-06
6.532e-06
6.509e-06
6.486e-06
6.463e-06
6.440e-06
6.417e-06
6.394e-06
6.372e-06
6.349e-06
6.326e-06
6.304e-06
6.282e-06
6.259e-06
6.237e-06
6.215e-06
6.193e-06
6.171e-06
6.149e-06
6.127e-06
6.106e-06
6.084e-06
6.062e-06
6.041e-06
6.019e-06
5.998e-06
5.977e-06
5.956e-06
5.935e-06
5.914e-06
5.893e-06
5.872e-06
5.851e-06
5.830e-06
5.810e-06
5.789e-06
5.769e-06
5.748e-06
5.728e-06
5.708e-06
5.687e-06
5.667e-06
5.647e-06
5.627e-06
5.608e-06
5.588e-06
5.568e-06
5.548e-06
5.529e-06
5.509e-06
5.490e-06
5.470e-06
5.451e-06
5.432e-06
5.413e-06
5.394e-06
5.375e-06
5.356e-06
5.337e-06
5.318e-06
5.299e-06
5.281e-06
5.262e-06
5.243e-06
5.225e-06
5.207e-06
5.188e-06
5.170e-06
5.152e-06
5.134e-06
5.116e-06
5.098e-06
5.080e-06
5.062e-06
5.044e-06
5.026e-06
5.009e-06
4.991e-06
4.973e-06
4.956e-06
4.938e-06
4.921e-06
4.904e-06
4.887e-06
4.869e-06
4.852e-06
4.835e-06
4.818e-06
4.801e-06
4.785e-06
4.768e-06
4.751e-06
4.734e-06
4.718e-06
4.701e-06
4.685e-06
4.668e-06
4.652e-06
4.636e-06
4.620e-06
4.603e-06
4.587e-06
4.571e-06
4.555e-06
4.539e-06
4.523e-06
4.507e-06
4.492e-06
4.476e-06
4.460e-06
4.445e-06
4.429e-06
4.414e-06
4.398e-06
4.383e-06
4.368e-06
4.352e-06
4.337e-06
4.322e-06
4.307e-06
4.292e-06
4.277e-06
4.262e-06
4.247e-06
4.232e-06
4.218e-06
4.203e-06
4.188e-06
4.174e-06
4.159e-06
4.144e-06
4.130e-06
4.116e-06
4.101e-06
4.087e-06
4.073e-06
4.059e-06
4.044e-06
4.030e-06
4.016e-06
4.002e-06
3.988e-06
3.975e-06
3.961e-06
3.947e-06
3.933e-06
3.920e-06
3.906e-06
3.892e-06
3.879e-06
3.865e-06
3.852e-06
3.839e-06
3.825e-06
3.812e-06
3.799e-06
3.786e-06
3.772e-06
3.759e-06
3.746e-06
3.733e-06
3.720e-06
3.707e-06
3.695e-06
3.682e-06
3.669e-06
3.656e-06
3.644e-06
3.631e-06
3.618e-06
3.606e-06
3.593e-06
3.581e-06
3.569e-06
3.556e-06
3.544e-06
3.532e-06
3.519e-06
3.507e-06
3.495e-06
3.483e-06
3.471e-06
3.459e-06
3.447e-06
3.435e-06
3.423e-06
3.411e-06
3.400e-06
3.388e-06
3.376e-06
3.365e-06
3.353e-06
3.341e-06
3.330e-06
3.318e-06
3.307e-06
3.296e-06
3.284e-06
3.273e-06
3.262e-06
3.250e-06
3.239e-06
3.228e-06
3.217e-06
3.206e-06
3.195e-06
3.184e-06
3.173e-06
3.162e-06
3.151e-06
3.140e-06
3.129e-06
3.119e-06
3.108e-06
3.097e-06
3.087e-06
3.076e-06
3.065e-06
3.055e-06
3.044e-06
3.034e-06
3.023e-06
3.013e-06
3.003e-06
2.992e-06
2.982e-06
2.972e-06
2.962e-06
2.952e-06
2.941e-06
2.931e-06
2.921e-06
2.911e-06
2.901e-06
2.891e-06
2.882e-06
2.872e-06
2.862e-06
2.852e-06
2.842e-06
2.833e-06
2.823e-06
2.813e-06
2.804e-06
2.794e-06
2.784e-06
2.775e-06
2.765e-06
2.756e-06
2.747e-06
2.737e-06
2.728e-06
2.718e-06
2.709e-06
2.700e-06
2.691e-06
2.682e-06
2.672e-06
2.663e-06
2.654e-06
2.645e-06
2.636e-06
2.627e-06
2.618e-06
2.609e-06
2.600e-06
2.592e-06
2.583e-06
2.574e-06
2.565e-06
2.556e-06
2.548e-06
2.539e-06
2.530e-06
2.522e-06
2.513e-06
2.505e-06
2.496e-06
2.488e-06
2.479e-06
2.471e-06
2.462e-06
2.454e-06
2.446e-06
2.437e-06
2.429e-06
2.421e-06
2.413e-06
2.404e-06
2.396e-06
2.388e-06
2.380e-06
2.372e-06
2.364e-06
2.356e-06
2.348e-06
2.340e-06
2.332e-06
2.324e-06
2.316e-06
2.308e-06
2.301e-06
2.293e-06
2.285e-06
2.277e-06
2.270e-06
2.262e-06
2.254e-06
2.247e-06
2.239e-06
2.232e-06
2.224e-06
2.216e-06
2.209e-06
2.202e-06
2.194e-06
2.187e-06
2.179e-06
2.172e-06
2.165e-06
2.157e-06
2.150e-06
2.143e-06
2.136e-06
2.128e-06
2.121e-06
2.114e-06
2.107e-06
2.100e-06
2.093e-06
2.086e-06
2.079e-06
2.072e-06
2.065e-06
2.058e-06
2.051e-06
2.044e-06
2.037e-06
2.030e-06
2.023e-06
2.017e-06
2.010e-06
2.003e-06
1.996e-06
1.990e-06
1.983e-06
1.976e-06
1.970e-06
1.963e-06
1.956e-06
1.950e-06
1.943e-06
1.937e-06
1.930e-06
1.924e-06
1.917e-06
1.911e-06
1.905e-06
1.898e-06
1.892e-06
1.885e-06
1.879e-06
1.873e-06
1.867e-06
1.860e-06
1.854e-06
1.848e-06
1.842e-06
1.836e-06
1.829e-06
1.823e-06
1.817e-06
1.811e-06
1.805e-06
1.799e-06
1.793e-06
1.787e-06
1.781e-06
1.775e-06
1.769e-06
1.763e-06
1.757e-06
1.752e-06
1.746e-06
1.740e-06
1.734e-06
1.728e-06
1.723e-06
1.717e-06
1.711e-06
1.705e-06
1.700e-06
1.694e-06
1.688e-06
1.683e-06
1.677e-06
1.672e-06
1.666e-06
1.661e-06
1.655e-06
1.650e-06
1.644e-06
1.639e-06
1.633e-06
1.628e-06
1.622e-06
1.617e-06
1.612e-06
1.606e-06
1.601e-06
1.596e-06
1.590e-06
1.585e-06
1.580e-06
1.575e-06
1.569e-06
1.564e-06
1.559e-06
1.554e-06
1.549e-06
1.543e-06
1.538e-06
1.533e-06
1.528e-06
1.523e-06
1.518e-06
1.513e-06
1.508e-06
1.503e-06
1.498e-06
1.493e-06
1.488e-06
1.483e-06
1.478e-06
1.474e-06
1.469e-06
1.464e-06
1.459e-06
1.454e-06
1.449e-06
1.445e-06
1.440e-06
1.435e-06
1.430e-06
1.426e-06
1.421e-06
1.416e-06
1.412e-06
1.407e-06
1.402e-06
1.398e-06
1.393e-06
1.389e-06
1.384e-06
1.379e-06
1.375e-06
1.370e-06
1.366e-06
1.361e-06
1.357e-06
1.352e-06
1.348e-06
1.344e-06
1.339e-06
1.335e-06
1.330e-06
1.326e-06
1.322e-06
1.317e-06
1.313e-06
1.309e-06
1.304e-06
1.300e-06
1.296e-06
1.292e-06
1.287e-06
1.283e-06
1.279e-06
1.275e-06
1.271e-06
1.266e-06
1.262e-06
1.258e-06
1.254e-06
1.250e-06
1.246e-06
1.242e-06
1.238e-06
1.234e-06
1.230e-06
1.226e-06
1.222e-06
1.218e-06
1.214e-06
1.210e-06
1.206e-06
1.202e-06
1.198e-06
1.194e-06
1.190e-06
1.186e-06
1.183e-06
1.179e-06
1.175e-06
1.171e-06
1.167e-06
1.164e-06
1.160e-06
1.156e-06
1.152e-06
1.149e-06
1.145e-06
1.141e-06
1.137e-06
1.134e-06
1.130e-06
1.126e-06
1.123e-06
1.119e-06
1.116e-06
1.112e-06
1.108e-06
1.105e-06
1.101e-06
1.098e-06
1.094e-06
1.091e-06
1.087e-06
1.084e-06
1.080e-06
1.077e-06
1.073e-06
1.070e-06
1.066e-06
1.063e-06
1.059e-06
1.056e-06
1.053e-06
1.049e-06
1.046e-06
1.042e-06
1.039e-06
1.036e-06
1.032e-06
1.029e-06
1.026e-06
1.022e-06
1.019e-06
1.016e-06
1.013e-06
1.009e-06
1.006e-06
1.003e-06
9.997e-07
9.965e-07
9.933e-07
9.901e-07
9.869e-07
9.838e-07
9.806e-07
9.775e-07
9.743e-07
9.712e-07
9.681e-07
9.650e-07
9.619e-07
9.588e-07
9.558e-07
9.527e-07
9.497e-07
9.466e-07
9.436e-07
9.406e-07
9.376e-07
9.346e-07
9.316e-07
9.286e-07
9.256e-07
9.227e-07
9.197e-07
9.168e-07
9.139e-07
9.110e-07
9.081e-07
9.052e-07
9.023e-07
8.994e-07
8.965e-07
8.937e-07
8.908e-07
8.880e-07
8.852e-07
8.824e-07
8.795e-07
8.767e-07
8.740e-07
8.712e-07
8.684e-07
8.656e-07
8.629e-07
8.601e-07
8.574e-07
8.547e-07
8.520e-07
8.493e-07
8.466e-07
8.439e-07
8.412e-07
8.385e-07
8.359e-07
8.332e-07
8.306e-07
8.280e-07
8.253e-07
8.227e-07
8.201e-07
8.175e-07
8.149e-07
8.123e-07
8.098e-07
8.072e-07
8.047e-07
8.021e-07
7.996e-07
7.970e-07
7.945e-07
7.920e-07
7.895e-07
7.870e-07
7.845e-07
7.821e-07
7.796e-07
7.771e-07
7.747e-07
7.722e-07
7.698e-07
7.674e-07
7.649e-07
7.625e-07
7.601e-07
7.577e-07
7.553e-07
7.530e-07
7.506e-07
7.482e-07
7.459e-07
7.435e-07
7.412e-07
7.389e-07
7.365e-07
7.342e-07
7.319e-07
7.296e-07
7.273e-07
7.250e-07
7.228e-07
7.205e-07
7.182e-07
7.160e-07
7.137e-07
7.115e-07
7.092e-07
7.070e-07
7.048e-07
7.026e-07
7.004e-07
6.982e-07
6.960e-07
6.938e-07
6.917e-07
6.895e-07
6.873e-07
6.852e-07
6.830e-07
6.809e-07
6.788e-07
6.766e-07
6.745e-07
6.724e-07
6.703e-07
6.682e-07
6.661e-07
6.641e-07
6.620e-07
6.599e-07
6.579e-07
6.558e-07
6.538e-07
6.517e-07
6.497e-07
6.477e-07
6.456e-07
6.436e-07
6.416e-07
6.396e-07
6.376e-07
6.357e-07
6.337e-07
6.317e-07
6.297e-07
6.278e-07
6.258e-07
6.239e-07
6.219e-07
6.200e-07
6.181e-07
6.162e-07
6.142e-07
6.123e-07
6.104e-07
6.085e-07
6.066e-07
6.048e-07
6.029e-07
6.010e-07
5.992e-07
5.973e-07
5.954e-07
5.936e-07
5.918e-07
5.899e-07
5.881e-07
5.863e-07
5.845e-07
5.827e-07
5.809e-07
5.791e-07
5.773e-07
5.755e-07
5.737e-07
5.719e-07
5.702e-07
5.684e-07
5.666e-07
5.649e-07
5.632e-07
5.614e-07
5.597e-07
5.580e-07
5.562e-07
5.545e-07
5.528e-07
5.511e-07
5.494e-07
5.477e-07
5.460e-07
5.443e-07
5.427e-07
5.410e-07
5.393e-07
5.377e-07
5.360e-07
5.344e-07
5.327e-07
5.311e-07
5.295e-07
5.278e-07
5.262e-07
5.246e-07
5.230e-07
5.214e-07
5.198e-07
5.182e-07
5.166e-07
5.150e-07
5.134e-07
5.119e-07
5.103e-07
5.087e-07
5.072e-07
5.056e-07
5.041e-07
5.025e-07
5.010e-07
4.994e-07
4.979e-07
4.964e-07
4.949e-07
4.934e-07
4.918e-07
4.903e-07
4.888e-07
4.874e-07
4.859e-07
4.844e-07
4.829e-07
4.814e-07
4.800e-07
4.785e-07
4.770e-07
4.756e-07
4.741e-07
4.727e-07
4.712e-07
4.698e-07
4.684e-07
4.669e-07
4.655e-07
4.641e-07
4.627e-07
4.613e-07
4.599e-07
4.585e-07
4.571e-07
4.557e-07
4.543e-07
4.529e-07
4.516e-07
4.502e-07
4.488e-07
4.475e-07
4.461e-07
4.447e-07
4.434e-07
4.421e-07
4.407e-07
4.394e-07
4.380e-07
4.367e-07
4.354e-07
4.341e-07
4.328e-07
4.314e-07
4.301e-07
4.288e-07
4.275e-07
4.262e-07
4.250e-07
4.237e-07
4.224e-07
4.211e-07
4.198e-07
4.186e-07
4.173e-07
4.160e-07
4.148e-07
4.135e-07
4.123e-07
4.110e-07
4.098e-07
4.086e-07
4.073e-07
4.061e-07
4.049e-07
4.037e-07
4.024e-07
4.012e-07
4.000e-07
3.988e-07
3.976e-07
3.964e-07
3.952e-07
3.940e-07
3.929e-07
3.917e-07
3.905e-07
3.893e-07
3.882e-07
3.870e-07
3.858e-07
3.847e-07
3.835e-07
3.824e-07
3.812e-07
3.801e-07
3.789e-07
3.778e-07
3.767e-07
3.755e-07
3.744e-07
3.733e-07
3.722e-07
3.711e-07
3.700e-07
3.689e-07
3.678e-07
3.667e-07
3.656e-07
3.645e-07
3.634e-07
3.623e-07
3.612e-07
3.602e-07
3.591e-07
3.580e-07
3.570e-07
3.559e-07
3.548e-07
3.538e-07
3.527e-07
3.517e-07
3.507e-07
3.496e-07
3.486e-07
3.475e-07
3.465e-07
3.455e-07
3.445e-07
3.434e-07
3.424e-07
3.414e-07
3.404e-07
3.394e-07
3.384e-07
3.374e-07
3.364e-07
3.354e-07
3.344e-07
3.334e-07
3.324e-07
3.315e-07
3.305e-07
3.295e-07
3.285e-07
3.276e-07
3.266e-07
3.256e-07
3.247e-07
3.237e-07
3.228e-07
3.218e-07
3.209e-07
3.199e-07
3.190e-07
3.181e-07
3.171e-07
3.162e-07
3.153e-07
3.143e-07
3.134e-07
3.125e-07
3.116e-07
3.107e-07
3.097e-07
3.088e-07
3.079e-07
3.070e-07
3.061e-07
3.052e-07
3.043e-07
3.034e-07
3.025e-07
3.017e-07
3.008e-07
2.999e-07
2.990e-07
2.981e-07
2.973e-07
2.964e-07
2.955e-07
2.947e-07
2.938e-07
2.930e-07
2.921e-07
2.912e-07
2.904e-07
2.895e-07
2.887e-07
2.879e-07
2.870e-07
2.862e-07
2.853e-07
2.845e-07
2.837e-07
2.829e-07
2.820e-07
2.812e-07
2.804e-07
2.796e-07
2.788e-07
2.779e-07
2.771e-07
2.763e-07
2.755e-07
2.747e-07
2.739e-07
2.731e-07
2.723e-07
2.715e-07
2.708e-07
2.700e-07
2.692e-07
2.684e-07
2.676e-07
2.669e-07
2.661e-07
2.653e-07
2.645e-07
2.638e-07
2.630e-07
2.622e-07
2.615e-07
2.607e-07
2.600e-07
2.592e-07
2.585e-07
2.577e-07
2.570e-07
2.562e-07
2.555e-07
2.548e-07
2.540e-07
2.533e-07
2.526e-07
2.518e-07
2.511e-07
2.504e-07
2.497e-07
2.489e-07
2.482e-07
2.475e-07
2.468e-07
2.461e-07
2.454e-07
2.447e-07
2.440e-07
2.432e-07
2.425e-07
2.419e-07
2.412e-07
2.405e-07
2.398e-07
2.391e-07
2.384e-07
2.377e-07
2.370e-07
2.363e-07
2.357e-07
2.350e-07
2.343e-07
2.336e-07
2.330e-07
2.323e-07
2.316e-07
2.310e-07
2.303e-07
2.296e-07
2.290e-07
2.283e-07
2.277e-07
2.270e-07
2.264e-07
2.257e-07
2.251e-07
2.244e-07
2.238e-07
2.232e-07
2.225e-07
2.219e-07
2.213e-07
2.206e-07
2.200e-07
2.194e-07
2.187e-07
2.181e-07
2.175e-07
2.169e-07
2.162e-07
2.156e-07
2.150e-07
2.144e-07
2.138e-07
2.132e-07
2.126e-07
2.120e-07
2.114e-07
2.108e-07
2.102e-07
2.096e-07
2.090e-07
2.084e-07
2.078e-07
2.072e-07
2.066e-07
2.060e-07
2.054e-07
2.049e-07
2.043e-07
2.037e-07
2.031e-07
2.025e-07
2.020e-07
2.014e-07
2.008e-07
2.003e-07
1.997e-07
1.991e-07
1.986e-07
1.980e-07
1.974e-07
1.969e-07
1.963e-07
1.958e-07
1.952e-07
1.947e-07
1.941e-07
1.936e-07
1.930e-07
1.925e-07
1.919e-07
1.914e-07
1.908e-07
1.903e-07
1.898e-07
1.892e-07
1.887e-07
1.882e-07
1.876e-07
1.871e-07
1.866e-07
1.861e-07
1.855e-07
1.850e-07
1.845e-07
1.840e-07
1.834e-07
1.829e-07
1.824e-07
1.819e-07
1.814e-07
1.809e-07
1.804e-07
1.799e-07
1.794e-07
1.789e-07
1.784e-07
1.779e-07
1.774e-07
1.769e-07
1.764e-07
1.759e-07
1.754e-07
1.749e-07
1.744e-07
1.739e-07
1.734e-07
1.729e-07
1.725e-07
1.720e-07
1.715e-07
1.710e-07
1.705e-07
1.701e-07
1.696e-07
1.691e-07
1.686e-07
1.682e-07
1.677e-07
1.672e-07
1.668e-07
1.663e-07
1.658e-07
1.654e-07
1.649e-07
1.644e-07
1.640e-07
1.635e-07
1.631e-07
1.626e-07
1.622e-07
1.617e-07
1.613e-07
1.608e-07
1.604e-07
1.599e-07
1.595e-07
1.590e-07
1.586e-07
1.582e-07
1.577e-07
1.573e-07
1.568e-07
1.564e-07
1.560e-07
1.555e-07
1.551e-07
1.547e-07
1.542e-07
1.538e-07
1.534e-07
1.530e-07
1.525e-07
1.521e-07
1.517e-07
1.513e-07
1.509e-07
1.504e-07
1.500e-07
1.496e-07
1.492e-07
1.488e-07
1.484e-07
1.480e-07
1.476e-07
1.472e-07
1.467e-07
1.463e-07
1.459e-07
1.455e-07
1.451e-07
1.447e-07
1.443e-07
1.439e-07
1.435e-07
1.431e-07
1.428e-07
1.424e-07
1.420e-07
1.416e-07
1.412e-07
1.408e-07
1.404e-07
1.400e-07
1.397e-07
1.393e-07
1.389e-07
1.385e-07
1.381e-07
1.378e-07
1.374e-07
1.370e-07
1.366e-07
1.363e-07
1.359e-07
1.355e-07
1.351e-07
1.348e-07
1.344e-07
1.340e-07
1.337e-07
1.333e-07
1.330e-07
1.326e-07
1.322e-07
1.319e-07
1.315e-07
1.312e-07
1.308e-07
1.304e-07
1.301e-07
1.297e-07
1.294e-07
1.290e-07
1.287e-07
1.283e-07
1.280e-07
1.276e-07
1.273e-07
1.270e-07
1.266e-07
1.263e-07
1.259e-07
1.256e-07
1.252e-07
1.249e-07
1.246e-07
1.242e-07
1.239e-07
1.236e-07
1.232e-07
1.229e-07
1.226e-07
1.222e-07
1.219e-07
1.216e-07
1.212e-07
1.209e-07
1.206e-07
1.203e-07
1.199e-07
1.196e-07
1.193e-07
1.190e-07
1.187e-07
1.183e-07
1.180e-07
1.177e-07
1.174e-07
1.171e-07
1.168e-07
1.164e-07
1.161e-07
1.158e-07
1.155e-07
1.152e-07
1.149e-07
1.146e-07
1.143e-07
1.140e-07
1.137e-07
1.134e-07
1.131e-07
1.128e-07
1.125e-07
1.122e-07
1.119e-07
1.116e-07
1.113e-07
1.110e-07
1.107e-07
1.104e-07
1.101e-07
1.098e-07
1.095e-07
1.092e-07
1.089e-07
1.086e-07
1.083e-07
1.080e-07
1.077e-07
1.075e-07
1.072e-07
1.069e-07
1.066e-07
1.063e-07
1.060e-07
1.057e-07
1.055e-07
1.052e-07
1.049e-07
1.046e-07
1.044e-07
1.041e-07
1.038e-07
1.035e-07
1.032e-07
1.030e-07
1.027e-07
1.024e-07
1.022e-07
1.019e-07
1.016e-07
1.013e-07
1.011e-07
1.008e-07
1.005e-07
1.003e-07
1.000e-07
9.974e-08
9.948e-08
9.922e-08
9.895e-08
9.869e-08
9.843e-08
9.817e-08
9.791e-08
9.765e-08
9.739e-08
9.714e-08
9.688e-08
9.663e-08
9.637e-08
9.612e-08
9.586e-08
9.561e-08
9.536e-08
9.511e-08
9.486e-08
9.461e-08
9.436e-08
9.411e-08
9.386e-08
9.361e-08
9.337e-08
9.312e-08
9.288e-08
9.263e-08
9.239e-08
9.215e-08
9.190e-08
9.166e-08
9.142e-08
9.118e-08
9.094e-08
9.070e-08
9.047e-08
9.023e-08
8.999e-08
8.976e-08
8.952e-08
8.929e-08
8.905e-08
8.882e-08
8.859e-08
8.836e-08
8.812e-08
8.789e-08
8.766e-08
8.743e-08
8.721e-08
8.698e-08
8.675e-08
8.652e-08
8.630e-08
8.607e-08
8.585e-08
8.562e-08
8.540e-08
8.518e-08
8.496e-08
8.473e-08
8.451e-08
8.429e-08
8.407e-08
8.385e-08
8.364e-08
8.342e-08
8.320e-08
8.299e-08
8.277e-08
8.255e-08
8.234e-08
8.213e-08
8.191e-08
8.170e-08
8.149e-08
8.128e-08
8.106e-08
8.085e-08
8.064e-08
8.044e-08
8.023e-08
8.002e-08
7.981e-08
7.960e-08
7.940e-08
7.919e-08
7.899e-08
7.878e-08
7.858e-08
7.838e-08
7.817e-08
7.797e-08
7.777e-08
7.757e-08
7.737e-08
7.717e-08
7.697e-08
7.677e-08
7.657e-08
7.637e-08
7.618e-08
7.598e-08
7.578e-08
7.559e-08
7.539e-08
7.520e-08
7.501e-08
7.481e-08
7.462e-08
7.443e-08
7.424e-08
7.405e-08
7.386e-08
7.367e-08
7.348e-08
7.329e-08
7.310e-08
7.291e-08
7.272e-08
7.254e-08
7.235e-08
7.217e-08
7.198e-08
7.180e-08
7.161e-08
7.143e-08
7.124e-08
7.106e-08
7.088e-08
7.070e-08
7.052e-08
7.034e-08
7.016e-08
6.998e-08
6.980e-08
6.962e-08
6.944e-08
6.926e-08
6.909e-08
6.891e-08
6.873e-08
6.856e-08
6.838e-08
6.821e-08
6.804e-08
6.786e-08
6.769e-08
6.752e-08
6.734e-08
6.717e-08
6.700e-08
6.683e-08
6.666e-08
6.649e-08
6.632e-08
6.615e-08
6.598e-08
6.582e-08
6.565e-08
6.548e-08
6.532e-08
6.515e-08
6.499e-08
6.482e-08
6.466e-08
6.449e-08
6.433e-08
6.417e-08
6.400e-08
6.384e-08
6.368e-08
6.352e-08
6.336e-08
6.320e-08
6.304e-08
6.288e-08
6.272e-08
6.256e-08
6.241e-08
6.225e-08
6.209e-08
6.194e-08
6.178e-08
6.162e-08
6.147e-08
6.132e-08
6.116e-08
6.101e-08
6.085e-08
6.070e-08
6.055e-08
6.040e-08
6.025e-08
6.009e-08
5.994e-08
5.979e-08
5.965e-08
5.950e-08
5.935e-08
5.920e-08
5.905e-08
5.890e-08
5.876e-08
5.861e-08
5.846e-08
5.832e-08
5.817e-08
5.803e-08
5.788e-08
5.774e-08
5.760e-08
5.745e-08
5.731e-08
5.717e-08
5.703e-08
5.688e-08
5.674e-08
5.660e-08
5.646e-08
5.632e-08
5.618e-08
5.604e-08
5.590e-08
5.576e-08
5.563e-08
5.549e-08
5.535e-08
5.521e-08
5.508e-08
5.494e-08
5.480e-08
5.467e-08
5.453e-08
5.440e-08
5.426e-08
5.413e-08
5.399e-08
5.386e-08
5.373e-08
5.360e-08
5.346e-08
5.333e-08
5.320e-08
5.307e-08
5.294e-08
5.281e-08
5.268e-08
5.255e-08
5.242e-08
5.229e-08
5.216e-08
5.203e-08
5.190e-08
5.177e-08
5.165e-08
5.152e-08
5.139e-08
5.127e-08
5.114e-08
5.102e-08
5.089e-08
5.077e-08
5.064e-08
5.052e-08
5.039e-08
5.027e-08
5.015e-08
5.002e-08
4.990e-08
4.978e-08
4.966e-08
4.953e-08
4.941e-08
4.929e-08
4.917e-08
4.905e-08
4.893e-08
4.881e-08
4.869e-08
4.857e-08
4.845e-08
4.834e-08
4.822e-08
4.810e-08
4.798e-08
4.787e-08
4.775e-08
4.763e-08
4.752e-08
4.740e-08
4.728e-08
4.717e-08
4.705e-08
4.694e-08
4.683e-08
4.671e-08
4.660e-08
4.648e-08
4.637e-08
4.626e-08
4.615e-08
4.603e-08
4.592e-08
4.581e-08
4.570e-08
4.559e-08
4.548e-08
4.537e-08
4.526e-08
4.515e-08
4.504e-08
4.493e-08
4.482e-08
4.471e-08
4.460e-08
4.450e-08
4.439e-08
4.428e-08
4.417e-08
4.407e-08
4.396e-08
4.385e-08
4.375e-08
4.364e-08
4.354e-08
4.343e-08
4.333e-08
4.322e-08
4.312e-08
4.301e-08
4.291e-08
4.281e-08
4.270e-08
4.260e-08
4.250e-08
4.240e-08
4.229e-08
4.219e-08
4.209e-08
4.199e-08
4.189e-08
4.179e-08
4.169e-08
4.159e-08
4.149e-08
4.139e-08
4.129e-08
4.119e-08
4.109e-08
4.099e-08
4.089e-08
4.080e-08
4.070e-08
4.060e-08
4.050e-08
4.041e-08
4.031e-08
4.021e-08
4.012e-08
4.002e-08
3.992e-08
3.983e-08
3.973e-08
3.964e-08
3.954e-08
3.945e-08
3.936e-08
3.926e-08
3.917e-08
3.907e-08
3.898e-08
3.889e-08
3.880e-08
3.870e-08
3.861e-08
3.852e-08
3.843e-08
3.834e-08
3.824e-08
3.815e-08
3.806e-08
3.797e-08
3.788e-08
3.779e-08
3.770e-08
3.761e-08
3.752e-08
3.743e-08
3.735e-08
3.726e-08
3.717e-08
3.708e-08
3.699e-08
3.691e-08
3.682e-08
3.673e-08
3.664e-08
3.656e-08
3.647e-08
3.638e-08
3.630e-08
3.621e-08
3.613e-08
3.604e-08
3.596e-08
3.587e-08
3.579e-08
3.570e-08
3.562e-08
3.553e-08
3.545e-08
3.537e-08
3.528e-08
3.520e-08
3.512e-08
3.503e-08
3.495e-08
3.487e-08
3.479e-08
3.471e-08
3.462e-08
3.454e-08
3.446e-08
3.438e-08
3.430e-08
3.422e-08
3.414e-08
3.406e-08
3.398e-08
3.390e-08
3.382e-08
3.374e-08
3.366e-08
3.358e-08
3.350e-08
3.342e-08
3.335e-08
3.327e-08
3.319e-08
3.311e-08
3.304e-08
3.296e-08
3.288e-08
3.281e-08
3.273e-08
3.265e-08
3.258e-08
3.250e-08
3.243e-08
3.235e-08
3.228e-08
3.220e-08
3.213e-08
3.205e-08
3.198e-08
3.190e-08
3.183e-08
3.176e-08
3.168e-08
3.161e-08
3.154e-08
3.146e-08
3.139e-08
3.132e-08
3.125e-08
3.118e-08
3.110e-08
3.103e-08
3.096e-08
3.089e-08
3.082e-08
3.075e-08
3.068e-08
3.061e-08
3.054e-08
3.047e-08
3.040e-08
3.033e-08
3.026e-08
3.019e-08
3.012e-08
3.005e-08
2.998e-08
2.991e-08
2.984e-08
2.978e-08
2.971e-08
2.964e-08
2.957e-08
2.950e-08
2.944e-08
2.937e-08
2.930e-08
2.924e-08
2.917e-08
2.910e-08
2.904e-08
2.897e-08
2.890e-08
2.884e-08
2.877e-08
2.871e-08
2.864e-08
2.858e-08
2.851e-08
2.845e-08
2.838e-08
2.832e-08
2.825e-08
2.819e-08
2.812e-08
2.806e-08
2.800e-08
2.793e-08
2.787e-08
2.781e-08
2.774e-08
2.768e-08
2.762e-08
2.755e-08
2.749e-08
2.743e-08
2.737e-08
2.731e-08
2.724e-08
2.718e-08
2.712e-08
2.706e-08
2.700e-08
2.694e-08
2.688e-08
2.682e-08
2.676e-08
2.670e-08
2.664e-08
2.657e-08
2.652e-08
2.646e-08
2.640e-08
2.634e-08
2.628e-08
2.622e-08
2.616e-08
2.610e-08
2.604e-08
2.598e-08
2.592e-08
2.587e-08
2.581e-08
2.575e-08
2.569e-08
2.563e-08
2.558e-08
2.552e-08
2.546e-08
2.541e-08
2.535e-08
2.529e-08
2.523e-08
2.518e-08
2.512e-08
2.507e-08
2.501e-08
2.495e-08
2.490e-08
2.484e-08
2.479e-08
2.473e-08
2.468e-08
2.462e-08
2.457e-08
2.451e-08
2.446e-08
2.440e-08
2.435e-08
2.429e-08
2.424e-08
2.419e-08
2.413e-08
2.408e-08
2.402e-08
2.397e-08
2.392e-08
2.386e-08
2.381e-08
2.376e-08
2.371e-08
2.365e-08
2.360e-08
2.355e-08
2.350e-08
2.344e-08
2.339e-08
2.334e-08
2.329e-08
2.324e-08
2.318e-08
2.313e-08
2.308e-08
2.303e-08
2.298e-08
2.293e-08
2.288e-08
2.283e-08
2.278e-08
2.273e-08
2.268e-08
2.263e-08
2.258e-08
2.253e-08
2.248e-08
2.243e-08
2.238e-08
2.233e-08
2.228e-08
2.223e-08
2.218e-08
2.213e-08
2.209e-08
2.204e-08
2.199e-08
2.194e-08
2.189e-08
2.184e-08
2.180e-08
2.175e-08
2.170e-08
2.165e-08
2.160e-08
2.156e-08
2.151e-08
2.146e-08
2.142e-08
2.137e-08
2.132e-08
2.128e-08
2.123e-08
2.118e-08
2.114e-08
2.109e-08
2.104e-08
2.100e-08
2.095e-08
2.091e-08
2.086e-08
2.082e-08
2.077e-08
2.072e-08
2.068e-08
2.063e-08
2.059e-08
2.054e-08
2.050e-08
2.046e-08
2.041e-08
2.037e-08
2.032e-08
2.028e-08
2.023e-08
2.019e-08
2.015e-08
2.010e-08
2.006e-08
2.002e-08
1.997e-08
1.993e-08
1.989e-08
1.984e-08
1.980e-08
1.976e-08
1.971e-08
1.967e-08
1.963e-08
1.959e-08
1.955e-08
1.950e-08
1.946e-08
1.942e-08
1.938e-08
1.934e-08
1.929e-08
1.925e-08
1.921e-08
1.917e-08
1.913e-08
1.909e-08
1.905e-08
1.901e-08
1.897e-08
1.893e-08
1.889e-08
1.885e-08
1.881e-08
1.877e-08
1.873e-08
1.869e-08
1.865e-08
1.861e-08
1.857e-08
1.853e-08
1.849e-08
1.845e-08
1.841e-08
1.837e-08
1.833e-08
1.829e-08
1.825e-08
1.822e-08
1.818e-08
1.814e-08
1.810e-08
1.806e-08
1.802e-08
1.799e-08
1.795e-08
1.791e-08
1.787e-08
1.783e-08
1.780e-08
1.776e-08
1.772e-08
1.768e-08
1.765e-08
1.761e-08
1.757e-08
1.754e-08
1.750e-08
1.746e-08
1.743e-08
1.739e-08
1.735e-08
1.732e-08
1.728e-08
1.724e-08
1.721e-08
1.717e-08
1.714e-08
1.710e-08
1.706e-08
1.703e-08
1.699e-08
1.696e-08
1.692e-08
1.689e-08
1.685e-08
1.681e-08
1.678e-08
1.674e-08
1.671e-08
1.667e-08
1.664e-08
1.661e-08
1.657e-08
1.654e-08
1.650e-08
1.647e-08
1.643e-08
1.640e-08
1.636e-08
1.633e-08
1.630e-08
1.626e-08
1.623e-08
1.619e-08
1.616e-08
1.613e-08
1.609e-08
1.606e-08
1.603e-08
1.599e-08
1.596e-08
1.593e-08
1.589e-08
1.586e-08
1.583e-08
1.580e-08
1.576e-08
1.573e-08
1.570e-08
1.567e-08
1.563e-08
1.560e-08
1.557e-08
1.554e-08
1.550e-08
1.547e-08
1.544e-08
1.541e-08
1.538e-08
1.535e-08
1.531e-08
1.528e-08
1.525e-08
1.522e-08
1.519e-08
1.516e-08
1.513e-08
1.509e-08
1.506e-08
1.503e-08
1.500e-08
1.497e-08
1.494e-08
1.491e-08
1.488e-08
1.485e-08
1.482e-08
1.479e-08
1.476e-08
1.473e-08
1.470e-08
1.467e-08
1.464e-08
1.461e-08
1.458e-08
1.455e-08
1.452e-08
1.449e-08
1.446e-08
1.443e-08
1.440e-08
1.437e-08
1.434e-08
1.431e-08
1.428e-08
1.425e-08
1.422e-08
1.420e-08
1.417e-08
1.414e-08
1.411e-08
1.408e-08
1.405e-08
1.402e-08
1.399e-08
1.397e-08
1.394e-08
1.391e-08
1.388e-08
1.385e-08
1.382e-08
1.380e-08
1.377e-08
1.374e-08
1.371e-08
1.369e-08
1.366e-08
1.363e-08
1.360e-08
1.357e-08
1.355e-08
1.352e-08
1.349e-08
1.347e-08
1.344e-08
1.341e-08
1.338e-08
1.336e-08
1.333e-08
1.330e-08
1.328e-08
1.325e-08
1.322e-08
1.320e-08
1.317e-08
1.314e-08
1.312e-08
1.309e-08
1.307e-08
1.304e-08
1.301e-08
1.299e-08
1.296e-08
1.294e-08
1.291e-08
1.288e-08
1.286e-08
1.283e-08
1.281e-08
1.278e-08
1.276e-08
1.273e-08
1.271e-08
1.268e-08
1.266e-08
1.263e-08
1.261e-08
1.258e-08
1.256e-08
1.253e-08
1.251e-08
1.248e-08
1.246e-08
1.243e-08
1.241e-08
1.239e-08
1.236e-08
1.234e-08
1.231e-08
1.229e-08
1.226e-08
1.224e-08
1.222e-08
1.219e-08
1.217e-08
1.214e-08
1.212e-08
1.210e-08
1.207e-08
1.205e-08
1.203e-08
1.200e-08
1.198e-08
1.196e-08
1.193e-08
1.191e-08
1.189e-08
1.186e-08
1.184e-08
1.182e-08
1.179e-08
1.177e-08
1.175e-08
1.172e-08
1.170e-08
1.168e-08
1.166e-08
1.163e-08
1.161e-08
1.159e-08
1.157e-08
1.154e-08
1.152e-08
1.150e-08
1.148e-08
1.145e-08
1.143e-08
1.141e-08
1.139e-08
1.137e-08
1.134e-08
1.132e-08
1.130e-08
1.128e-08
1.126e-08
1.123e-08
1.121e-08
1.119e-08
1.117e-08
1.115e-08
1.113e-08
1.111e-08
1.108e-08
1.106e-08
1.104e-08
1.102e-08
1.100e-08
1.098e-08
1.096e-08
1.094e-08
1.091e-08
1.089e-08
1.087e-08
1.085e-08
1.083e-08
1.081e-08
1.079e-08
1.077e-08
1.075e-08
1.073e-08
1.071e-08
1.069e-08
1.067e-08
1.065e-08
1.063e-08
1.061e-08
1.058e-08
1.056e-08
1.054e-08
1.052e-08
1.050e-08
1.048e-08
1.046e-08
1.044e-08
1.042e-08
1.040e-08
1.038e-08
1.037e-08
1.035e-08
1.033e-08
1.031e-08
1.029e-08
1.027e-08
1.025e-08
1.023e-08
1.021e-08
1.019e-08
1.017e-08
1.015e-08
1.013e-08
1.011e-08
1.009e-08
1.007e-08
1.005e-08
1.004e-08
1.002e-08
9.998e-09
9.979e-09
9.960e-09
9.941e-09
9.923e-09
9.904e-09
9.885e-09
9.867e-09
9.848e-09
9.830e-09
9.811e-09
9.793e-09
9.774e-09
9.756e-09
9.737e-09
9.719e-09
9.701e-09
9.683e-09
9.664e-09
9.646e-09
9.628e-09
9.610e-09
9.592e-09
9.574e-09
9.556e-09
9.538e-09
9.521e-09
9.503e-09
9.485e-09
9.468e-09
9.450e-09
9.432e-09
9.415e-09
9.397e-09
9.380e-09
9.363e-09
9.345e-09
9.328e-09
9.311e-09
9.293e-09
9.276e-09
9.259e-09
9.242e-09
9.225e-09
9.208e-09
9.191e-09
9.174e-09
9.158e-09
9.141e-09
9.124e-09
9.107e-09
9.091e-09
9.074e-09
9.057e-09
9.041e-09
9.024e-09
9.008e-09
8.991e-09
8.975e-09
8.959e-09
8.942e-09
8.926e-09
8.910e-09
8.894e-09
8.877e-09
8.861e-09
8.845e-09
8.829e-09
8.813e-09
8.797e-09
8.781e-09
8.765e-09
8.749e-09
8.733e-09
8.717e-09
8.702e-09
8.686e-09
8.670e-09
8.654e-09
8.639e-09
8.623e-09
8.607e-09
8.592e-09
8.576e-09
8.561e-09
8.545e-09
8.530e-09
8.514e-09
8.499e-09
8.484e-09
8.468e-09
8.453e-09
8.438e-09
8.423e-09
8.408e-09
8.392e-09
8.377e-09
8.362e-09
8.347e-09
8.332e-09
8.317e-09
8.302e-09
8.287e-09
8.273e-09
8.258e-09
8.243e-09
8.228e-09
8.213e-09
8.199e-09
8.184e-09
8.169e-09
8.155e-09
8.140e-09
8.125e-09
8.111e-09
8.096e-09
8.082e-09
8.068e-09
8.053e-09
8.039e-09
8.024e-09
8.010e-09
7.996e-09
7.982e-09
7.967e-09
7.953e-09
7.939e-09
7.925e-09
7.911e-09
7.897e-09
7.883e-09
7.869e-09
7.855e-09
7.841e-09
7.827e-09
7.813e-09
7.799e-09
7.785e-09
7.771e-09
7.758e-09
7.744e-09
7.730e-09
7.717e-09
7.703e-09
7.689e-09
7.676e-09
7.662e-09
7.649e-09
7.635e-09
7.622e-09
7.608e-09
7.595e-09
7.581e-09
7.568e-09
7.555e-09
7.541e-09
7.528e-09
7.515e-09
7.502e-09
7.488e-09
7.475e-09
7.462e-09
7.449e-09
7.436e-09
7.423e-09
7.410e-09
7.397e-09
7.384e-09
7.371e-09
7.358e-09
7.345e-09
7.332e-09
7.319e-09
7.307e-09
7.294e-09
7.281e-09
7.268e-09
7.256e-09
7.243e-09
7.231e-09
7.218e-09
7.206e-09
7.193e-09
7.181e-09
7.168e-09
7.156e-09
7.144e-09
7.131e-09
7.119e-09
7.107e-09
7.094e-09
7.082e-09
7.070e-09
7.058e-09
7.046e-09
7.034e-09
7.022e-09
7.010e-09
6.998e-09
6.986e-09
6.974e-09
6.962e-09
6.950e-09
6.938e-09
6.927e-09
6.915e-09
6.903e-09
6.891e-09
6.880e-09
6.868e-09
6.856e-09
6.845e-09
6.833e-09
6.821e-09
6.810e-09
6.798e-09
6.787e-09
6.775e-09
6.764e-09
6.752e-09
6.741e-09
6.729e-09
6.718e-09
6.707e-09
6.695e-09
6.684e-09
6.673e-09
6.662e-09
6.650e-09
6.639e-09
6.628e-09
6.617e-09
6.606e-09
6.594e-09
6.583e-09
6.572e-09
6.561e-09
6.550e-09
6.539e-09
6.528e-09
6.517e-09
6.506e-09
6.495e-09
6.484e-09
6.474e-09
6.463e-09
6.452e-09
6.441e-09
6.430e-09
6.419e-09
6.409e-09
6.398e-09
6.387e-09
6.377e-09
6.366e-09
6.355e-09
6.345e-09
6.334e-09
6.324e-09
6.313e-09
6.302e-09
6.292e-09
6.281e-09
6.271e-09
6.261e-09
6.250e-09
6.240e-09
6.229e-09
6.219e-09
6.209e-09
6.198e-09
6.188e-09
6.178e-09
6.168e-09
6.157e-09
6.147e-09
6.137e-09
6.127e-09
6.117e-09
6.106e-09
6.096e-09
6.086e-09
6.076e-09
6.066e-09
6.056e-09
6.046e-09
6.036e-09
6.026e-09
6.016e-09
6.006e-09
5.996e-09
5.986e-09
5.977e-09
5.967e-09
5.957e-09
5.947e-09
5.937e-09
5.928e-09
5.918e-09
5.908e-09
5.898e-09
5.889e-09
5.879e-09
5.869e-09
5.860e-09
5.850e-09
5.840e-09
5.831e-09
5.821e-09
5.812e-09
5.802e-09
5.793e-09
5.783e-09
5.774e-09
5.765e-09
5.755e-09
5.746e-09
5.737e-09
5.727e-09
5.718e-09
5.709e-09
5.700e-09
5.690e-09
5.681e-09
5.672e-09
5.663e-09
5.654e-09
5.645e-09
5.636e-09
5.627e-09
5.618e-09
5.609e-09
5.600e-09
5.591e-09
5.582e-09
5.573e-09
5.564e-09
5.555e-09
5.547e-09
5.538e-09
5.529e-09
5.520e-09
5.511e-09
5.503e-09
5.494e-09
5.485e-09
5.476e-09
5.468e-09
5.459e-09
5.450e-09
5.442e-09
5.433e-09
5.424e-09
5.416e-09
5.407e-09
5.399e-09
5.390e-09
5.382e-09
5.373e-09
5.365e-09
5.356e-09
5.348e-09
5.339e-09
5.331e-09
5.322e-09
5.314e-09
5.306e-09
5.297e-09
5.289e-09
5.281e-09
5.272e-09
5.264e-09
5.256e-09
5.247e-09
5.239e-09
5.231e-09
5.223e-09
5.215e-09
5.206e-09
5.198e-09
5.190e-09
5.182e-09
5.174e-09
5.166e-09
5.158e-09
5.149e-09
5.141e-09
5.133e-09
5.125e-09
5.117e-09
5.109e-09
5.101e-09
5.093e-09
5.085e-09
5.077e-09
5.070e-09
5.062e-09
5.054e-09
5.046e-09
5.038e-09
5.030e-09
5.022e-09
5.015e-09
5.007e-09
4.999e-09
4.991e-09
4.983e-09
4.976e-09
4.968e-09
4.960e-09
4.953e-09
4.945e-09
4.937e-09
4.930e-09
4.922e-09
4.914e-09
4.907e-09
4.899e-09
4.891e-09
4.884e-09
4.876e-09
4.869e-09
4.861e-09
4.854e-09
4.846e-09
4.839e-09
4.831e-09
4.824e-09
4.816e-09
4.809e-09
4.802e-09
4.794e-09
4.787e-09
4.779e-09
4.772e-09
4.765e-09
4.757e-09
4.750e-09
4.743e-09
4.736e-09
4.728e-09
4.721e-09
4.714e-09
4.707e-09
4.700e-09
4.693e-09
4.686e-09
4.678e-09
4.671e-09
4.664e-09
4.657e-09
4.650e-09
4.643e-09
4.636e-09
4.629e-09
4.622e-09
4.615e-09
4.609e-09
4.602e-09
4.595e-09
4.588e-09
4.581e-09
4.574e-09
4.567e-09
4.560e-09
4.554e-09
4.547e-09
4.540e-09
4.533e-09
4.527e-09
4.520e-09
4.513e-09
4.506e-09
4.500e-09
4.493e-09
4.486e-09
4.480e-09
4.473e-09
4.466e-09
4.460e-09
4.453e-09
4.446e-09
4.440e-09
4.433e-09
4.427e-09
4.420e-09
4.413e-09
4.407e-09
4.400e-09
4.394e-09
4.387e-09
4.381e-09
4.374e-09
4.368e-09
4.361e-09
4.355e-09
4.349e-09
4.342e-09
4.336e-09
4.329e-09
4.323e-09
4.317e-09
4.310e-09
4.304e-09
4.297e-09
4.291e-09
4.285e-09
4.279e-09
4.272e-09
4.266e-09
4.260e-09
4.253e-09
4.247e-09
4.241e-09
4.235e-09
4.228e-09
4.222e-09
4.216e-09
4.210e-09
4.204e-09
4.198e-09
4.191e-09
4.185e-09
4.179e-09
4.173e-09
4.167e-09
4.161e-09
4.155e-09
4.149e-09
4.143e-09
4.137e-09
4.130e-09
4.124e-09
4.118e-09
4.112e-09
4.106e-09
4.100e-09
4.094e-09
4.089e-09
4.083e-09
4.077e-09
4.071e-09
4.065e-09
4.059e-09
4.053e-09
4.047e-09
4.041e-09
4.035e-09
4.029e-09
4.024e-09
4.018e-09
4.012e-09
4.006e-09
4.000e-09
3.995e-09
3.989e-09
3.983e-09
3.977e-09
3.972e-09
3.966e-09
3.960e-09
3.954e-09
3.949e-09
3.943e-09
3.938e-09
3.932e-09
3.926e-09
3.921e-09
3.915e-09
3.910e-09
3.904e-09
3.899e-09
3.893e-09
3.888e-09
3.882e-09
3.877e-09
3.871e-09
3.866e-09
3.860e-09
3.855e-09
3.849e-09
3.844e-09
3.838e-09
3.833e-09
3.828e-09
3.822e-09
3.817e-09
3.812e-09
3.806e-09
3.801e-09
3.796e-09
3.790e-09
3.785e-09
3.780e-09
3.774e-09
3.769e-09
3.764e-09
3.758e-09
3.753e-09
3.748e-09
3.743e-09
3.737e-09
3.732e-09
3.727e-09
3.722e-09
3.717e-09
3.711e-09
3.706e-09
3.701e-09
3.696e-09
3.691e-09
3.685e-09
3.680e-09
3.675e-09
3.670e-09
3.665e-09
3.660e-09
3.655e-09
3.650e-09
3.645e-09
3.640e-09
3.634e-09
3.629e-09
3.624e-09
3.619e-09
3.614e-09
3.609e-09
3.604e-09
3.599e-09
3.594e-09
3.589e-09
3.584e-09
3.579e-09
3.574e-09
3.569e-09
3.565e-09
3.560e-09
3.555e-09
3.550e-09
3.545e-09
3.540e-09
3.535e-09
3.530e-09
3.525e-09
3.520e-09
3.516e-09
3.511e-09
3.506e-09
3.501e-09
3.496e-09
3.491e-09
3.487e-09
3.482e-09
3.477e-09
3.472e-09
3.467e-09
3.463e-09
3.458e-09
3.453e-09
3.448e-09
3.444e-09
3.439e-09
3.434e-09
3.430e-09
3.425e-09
3.420e-09
3.415e-09
3.411e-09
3.406e-09
3.401e-09
3.397e-09
3.392e-09
3.387e-09
3.383e-09
3.378e-09
3.374e-09
3.369e-09
3.365e-09
3.360e-09
3.356e-09
3.351e-09
3.346e-09
3.342e-09
3.338e-09
3.333e-09
3.329e-09
3.324e-09
3.320e-09
3.315e-09
3.311e-09
3.306e-09
3.302e-09
3.298e-09
3.293e-09
3.289e-09
3.284e-09
3.280e-09
3.276e-09
3.271e-09
3.267e-09
3.263e-09
3.258e-09
3.254e-09
3.250e-09
3.245e-09
3.241e-09
3.237e-09
3.232e-09
3.228e-09
3.224e-09
3.220e-09
3.215e-09
3.211e-09
3.207e-09
3.203e-09
3.198e-09
3.194e-09
3.190e-09
3.186e-09
3.181e-09
3.177e-09
3.173e-09
3.169e-09
3.165e-09
3.160e-09
3.156e-09
3.152e-09
3.148e-09
3.144e-09
3.140e-09
3.135e-09
3.131e-09
3.127e-09
3.123e-09
3.119e-09
3.115e-09
3.111e-09
3.107e-09
3.103e-09
3.098e-09
3.094e-09
3.090e-09
3.086e-09
3.082e-09
3.078e-09
3.074e-09
3.070e-09
3.066e-09
3.062e-09
3.058e-09
3.054e-09
3.050e-09
3.046e-09
3.042e-09
3.038e-09
3.034e-09
3.030e-09
3.026e-09
3.022e-09
3.018e-09
3.014e-09
3.010e-09
3.006e-09
3.002e-09
2.999e-09
2.995e-09
2.991e-09
2.987e-09
2.983e-09
2.979e-09
2.975e-09
2.971e-09
2.967e-09
2.964e-09
2.960e-09
2.956e-09
2.952e-09
2.948e-09
2.944e-09
2.940e-09
2.937e-09
2.933e-09
2.929e-09
2.925e-09
2.921e-09
2.918e-09
2.914e-09
2.910e-09
2.906e-09
2.903e-09
2.899e-09
2.895e-09
2.891e-09
2.888e-09
2.884e-09
2.880e-09
2.877e-09
2.873e-09
2.869e-09
2.866e-09
2.862e-09
2.859e-09
2.855e-09
2.851e-09
2.848e-09
2.844e-09
2.840e-09
2.837e-09
2.833e-09
2.830e-09
2.826e-09
2.823e-09
2.819e-09
2.815e-09
2.812e-09
2.808e-09
2.805e-09
2.801e-09
2.798e-09
2.794e-09
2.791e-09
2.787e-09
2.784e-09
2.780e-09
2.777e-09
2.773e-09
2.770e-09
2.766e-09
2.763e-09
2.759e-09
2.756e-09
2.752e-09
2.749e-09
2.745e-09
2.742e-09
2.738e-09
2.735e-09
2.731e-09
2.728e-09
2.725e-09
2.721e-09
2.718e-09
2.714e-09
2.711e-09
2.708e-09
2.704e-09
2.701e-09
2.697e-09
2.694e-09
2.691e-09
2.687e-09
2.684e-09
2.681e-09
2.677e-09
2.674e-09
2.671e-09
2.667e-09
2.664e-09
2.661e-09
2.657e-09
2.654e-09
2.651e-09
2.647e-09
2.644e-09
2.641e-09
2.637e-09
2.634e-09
2.631e-09
2.627e-09
2.624e-09
2.621e-09
2.618e-09
2.614e-09
2.611e-09
2.608e-09
2.605e-09
2.601e-09
2.598e-09
2.595e-09
2.592e-09
2.588e-09
2.585e-09
2.582e-09
2.579e-09
2.576e-09
2.572e-09
2.569e-09
2.566e-09
2.563e-09
2.560e-09
2.557e-09
2.553e-09
2.550e-09
2.547e-09
2.544e-09
2.541e-09
2.538e-09
2.534e-09
2.531e-09
2.528e-09
2.525e-09
2.522e-09
2.519e-09
2.516e-09
2.513e-09
2.510e-09
2.507e-09
2.504e-09
2.501e-09
2.498e-09
2.495e-09
2.491e-09
2.488e-09
2.485e-09
2.482e-09
2.479e-09
2.476e-09
2.473e-09
2.470e-09
2.467e-09
2.464e-09
2.462e-09
2.459e-09
2.456e-09
2.453e-09
2.450e-09
2.447e-09
2.444e-09
2.441e-09
2.438e-09
2.435e-09
2.432e-09
2.429e-09
2.426e-09
2.423e-09
2.420e-09
2.417e-09
2.414e-09
2.412e-09
2.409e-09
2.406e-09
2.403e-09
2.400e-09
2.397e-09
2.394e-09
2.391e-09
2.388e-09
2.386e-09
2.383e-09
2.380e-09
2.377e-09
2.374e-09
2.371e-09
2.368e-09
2.366e-09
2.363e-09
2.360e-09
2.357e-09
2.354e-09
2.351e-09
2.349e-09
2.346e-09
2.343e-09
2.340e-09
2.337e-09
2.335e-09
2.332e-09
2.329e-09
2.326e-09
2.323e-09
2.321e-09
2.318e-09
2.315e-09
2.312e-09
2.310e-09
2.307e-09
2.304e-09
2.301e-09
2.299e-09
2.296e-09
2.293e-09
2.290e-09
2.288e-09
2.285e-09
2.282e-09
2.279e-09
2.277e-09
2.274e-09
2.271e-09
2.269e-09
2.266e-09
2.263e-09
2.261e-09
2.258e-09
2.255e-09
2.252e-09
2.250e-09
2.247e-09
2.244e-09
2.242e-09
2.239e-09
2.236e-09
2.234e-09
2.231e-09
2.228e-09
2.226e-09
2.223e-09
2.221e-09
2.218e-09
2.215e-09
2.213e-09
2.210e-09
2.207e-09
2.205e-09
2.202e-09
2.200e-09
2.197e-09
2.194e-09
2.192e-09
2.189e-09
2.187e-09
2.184e-09
2.182e-09
2.179e-09
2.177e-09
2.174e-09
2.171e-09
2.169e-09
2.166e-09
2.164e-09
2.161e-09
2.159e-09
2.156e-09
2.154e-09
2.151e-09
2.149e-09
2.146e-09
2.144e-09
2.141e-09
2.139e-09
2.136e-09
2.134e-09
2.132e-09
2.129e-09
2.127e-09
2.124e-09
2.122e-09
2.119e-09
2.117e-09
2.114e-09
2.112e-09
2.109e-09
2.107e-09
2.105e-09
2.102e-09
2.100e-09
2.097e-09
2.095e-09
2.092e-09
2.090e-09
2.088e-09
2.085e-09
2.083e-09
2.080e-09
2.078e-09
2.076e-09
2.073e-09
2.071e-09
2.068e-09
2.066e-09
2.064e-09
2.061e-09
2.059e-09
2.057e-09
2.054e-09
2.052e-09
2.049e-09
2.047e-09
2.045e-09
2.042e-09
2.040e-09
2.038e-09
2.035e-09
2.033e-09
2.031e-09
2.028e-09
2.026e-09
2.024e-09
2.021e-09
2.019e-09
2.017e-09
2.014e-09
2.012e-09
2.010e-09
2.007e-09
2.005e-09
2.003e-09
2.001e-09
1.998e-09
1.996e-09
1.994e-09
1.991e-09
1.989e-09
1.987e-09
1.985e-09
1.982e-09
1.980e-09
1.978e-09
1.975e-09
1.973e-09
1.971e-09
1.969e-09
1.966e-09
1.964e-09
1.962e-09
1.960e-09
1.957e-09
1.955e-09
1.953e-09
1.951e-09
1.949e-09
1.946e-09
1.944e-09
1.942e-09
1.940e-09
1.937e-09
1.935e-09
1.933e-09
1.931e-09
1.929e-09
1.926e-09
1.924e-09
1.922e-09
1.920e-09
1.918e-09
1.915e-09
1.913e-09
1.911e-09
1.909e-09
1.907e-09
1.905e-09
1.902e-09
1.900e-09
1.898e-09
1.896e-09
1.894e-09
1.892e-09
1.890e-09
1.888e-09
1.885e-09
1.883e-09
1.881e-09
1.879e-09
1.877e-09
1.875e-09
1.873e-09
1.871e-09
1.869e-09
1.867e-09
1.864e-09
1.862e-09
1.860e-09
1.858e-09
1.856e-09
1.854e-09
1.852e-09
1.850e-09
1.848e-09
1.846e-09
1.844e-09
1.842e-09
1.840e-09
1.838e-09
1.836e-09
1.833e-09
1.831e-09
1.829e-09
1.827e-09
1.825e-09
1.823e-09
1.821e-09
1.819e-09
1.817e-09
1.815e-09
1.813e-09
1.811e-09
1.809e-09
1.807e-09
1.805e-09
1.803e-09
1.801e-09
1.799e-09
1.797e-09
1.795e-09
1.793e-09
1.791e-09
1.789e-09
1.787e-09
1.785e-09
1.783e-09
1.781e-09
1.779e-09
1.777e-09
1.775e-09
1.773e-09
1.771e-09
1.769e-09
1.767e-09
1.765e-09
1.763e-09
1.761e-09
1.760e-09
1.758e-09
1.756e-09
1.754e-09
1.752e-09
1.750e-09
1.748e-09
1.746e-09
1.744e-09
1.742e-09
1.740e-09
1.738e-09
1.736e-09
1.734e-09
1.732e-09
1.731e-09
1.729e-09
1.727e-09
1.725e-09
1.723e-09
1.721e-09
1.719e-09
1.717e-09
1.715e-09
1.713e-09
1.711e-09
1.710e-09
1.708e-09
1.706e-09
1.704e-09
1.702e-09
1.700e-09
1.698e-09
1.696e-09
1.695e-09
1.693e-09
1.691e-09
1.689e-09
1.687e-09
1.685e-09
1.683e-09
1.681e-09
1.680e-09
1.678e-09
1.676e-09
1.674e-09
1.672e-09
1.670e-09
1.669e-09
1.667e-09
1.665e-09
1.663e-09
1.661e-09
1.659e-09
1.658e-09
1.656e-09
1.654e-09
1.652e-09
1.650e-09
1.648e-09
1.647e-09
1.645e-09
1.643e-09
1.641e-09
1.639e-09
1.638e-09
1.636e-09
1.634e-09
1.632e-09
1.630e-09
1.629e-09
1.627e-09
1.625e-09
1.623e-09
1.622e-09
1.620e-09
1.618e-09
1.616e-09
1.615e-09
1.613e-09
1.611e-09
1.609e-09
1.608e-09
1.606e-09
1.604e-09
1.602e-09
1.601e-09
1.599e-09
1.597e-09
1.596e-09
1.594e-09
1.592e-09
1.590e-09
1.589e-09
1.587e-09
1.585e-09
1.583e-09
1.582e-09
1.580e-09
1.578e-09
1.577e-09
1.575e-09
1.573e-09
1.572e-09
1.570e-09
1.568e-09
1.566e-09
1.565e-09
1.563e-09
1.561e-09
1.560e-09
1.558e-09
1.556e-09
1.555e-09
1.553e-09
1.551e-09
1.550e-09
1.548e-09
1.546e-09
1.545e-09
1.543e-09
1.541e-09
1.540e-09
1.538e-09
1.536e-09
1.535e-09
1.533e-09
1.531e-09
1.530e-09
1.528e-09
1.526e-09
1.525e-09
1.523e-09
1.521e-09
1.520e-09
1.518e-09
1.517e-09
1.515e-09
1.513e-09
1.512e-09
1.510e-09
1.508e-09
1.507e-09
1.505e-09
1.504e-09
1.502e-09
1.500e-09
1.499e-09
1.497e-09
1.495e-09
1.494e-09
1.492e-09
1.491e-09
1.489e-09
1.487e-09
1.486e-09
1.484e-09
1.483e-09
1.481e-09
1.479e-09
1.478e-09
1.476e-09
1.475e-09
1.473e-09
1.472e-09
1.470e-09
1.468e-09
1.467e-09
1.465e-09
1.464e-09
1.462e-09
1.461e-09
1.459e-09
1.457e-09
1.456e-09
1.454e-09
1.453e-09
1.451e-09
1.450e-09
1.448e-09
1.446e-09
1.445e-09
1.443e-09
1.442e-09
1.440e-09
1.439e-09
1.437e-09
1.436e-09
1.434e-09
1.433e-09
1.431e-09
1.430e-09
1.428e-09
1.426e-09
1.425e-09
1.423e-09
1.422e-09
1.420e-09
1.419e-09
1.417e-09
1.416e-09
1.414e-09
1.413e-09
1.411e-09
1.410e-09
1.408e-09
1.407e-09
1.405e-09
1.404e-09
1.402e-09
1.401e-09
1.399e-09
1.398e-09
1.396e-09
1.395e-09
1.393e-09
1.392e-09
1.390e-09
1.389e-09
1.387e-09
1.386e-09
1.384e-09
1.383e-09
1.381e-09
1.380e-09
1.379e-09
1.377e-09
1.376e-09
1.374e-09
1.373e-09
1.371e-09
1.370e-09
1.368e-09
1.367e-09
1.366e-09
1.364e-09
1.363e-09
1.361e-09
1.360e-09
1.358e-09
1.357e-09
1.355e-09
1.354e-09
1.353e-09
1.351e-09
1.350e-09
1.348e-09
1.347e-09
1.346e-09
1.344e-09
1.343e-09
1.341e-09
1.340e-09
1.338e-09
1.337e-09
1.336e-09
1.334e-09
1.333e-09
1.331e-09
1.330e-09
1.329e-09
1.327e-09
1.326e-09
1.324e-09
1.323e-09
1.322e-09
1.320e-09
1.319e-09
1.317e-09
1.316e-09
1.315e-09
1.313e-09
1.312e-09
1.311e-09
1.309e-09
1.308e-09
1.306e-09
1.305e-09
1.304e-09
1.302e-09
1.301e-09
1.300e-09
1.298e-09
1.297e-09
1.295e-09
1.294e-09
1.293e-09
1.291e-09
1.290e-09
1.289e-09
1.287e-09
1.286e-09
1.285e-09
1.283e-09
1.282e-09
1.281e-09
1.279e-09
1.278e-09
1.277e-09
1.275e-09
1.274e-09
1.273e-09
1.271e-09
1.270e-09
1.269e-09
1.267e-09
1.266e-09
1.265e-09
1.263e-09
1.262e-09
1.261e-09
1.259e-09
1.258e-09
1.257e-09
1.255e-09
1.254e-09
1.253e-09
1.251e-09
1.250e-09
1.249e-09
1.247e-09
1.246e-09
1.245e-09
1.243e-09
1.242e-09
1.241e-09
1.240e-09
1.238e-09
1.237e-09
1.236e-09
1.234e-09
1.233e-09
1.232e-09
1.231e-09
1.229e-09
1.228e-09
1.227e-09
1.225e-09
1.224e-09
1.223e-09
1.222e-09
1.220e-09
1.219e-09
1.218e-09
1.216e-09
1.215e-09
1.214e-09
1.213e-09
1.211e-09
1.210e-09
1.209e-09
1.208e-09
1.206e-09
1.205e-09
1.204e-09
1.202e-09
1.201e-09
1.200e-09
1.199e-09
1.197e-09
1.196e-09
1.195e-09
1.194e-09
1.192e-09
1.191e-09
1.190e-09
1.189e-09
1.187e-09
1.186e-09
1.185e-09
1.184e-09
1.182e-09
1.181e-09
1.180e-09
1.179e-09
1.178e-09
1.176e-09
1.175e-09
1.174e-09
1.173e-09
1.171e-09
1.170e-09
1.169e-09
1.168e-09
1.167e-09
1.165e-09
1.164e-09
1.163e-09
1.162e-09
1.160e-09
1.159e-09
1.158e-09
1.157e-09
1.156e-09
1.154e-09
1.153e-09
1.152e-09
1.151e-09
1.150e-09
1.148e-09
1.147e-09
1.146e-09
1.145e-09
1.144e-09
1.142e-09
1.141e-09
1.140e-09
1.139e-09
1.138e-09
1.137e-09
1.135e-09
1.134e-09
1.133e-09
1.132e-09
1.131e-09
1.130e-09
1.128e-09
1.127e-09
1.126e-09
1.125e-09
1.124e-09
1.123e-09
1.121e-09
1.120e-09
1.119e-09
1.118e-09
1.117e-09
1.116e-09
1.114e-09
1.113e-09
1.112e-09
1.111e-09
1.110e-09
1.109e-09
1.108e-09
1.106e-09
1.105e-09
1.104e-09
1.103e-09
1.102e-09
1.101e-09
1.100e-09
1.098e-09
1.097e-09
1.096e-09
1.095e-09
1.094e-09
1.093e-09
1.092e-09
1.091e-09
1.089e-09
1.088e-09
1.087e-09
1.086e-09
1.085e-09
1.084e-09
1.083e-09
1.082e-09
1.080e-09
1.079e-09
1.078e-09
1.077e-09
1.076e-09
1.075e-09
1.074e-09
1.073e-09
1.072e-09
1.070e-09
1.069e-09
1.068e-09
1.067e-09
1.066e-09
1.065e-09
1.064e-09
1.063e-09
1.062e-09
1.061e-09
1.060e-09
1.058e-09
1.057e-09
1.056e-09
1.055e-09
1.054e-09
1.053e-09
1.052e-09
1.051e-09
1.050e-09
1.049e-09
1.048e-09
1.046e-09
1.045e-09
1.044e-09
1.043e-09
1.042e-09
1.041e-09
1.040e-09
1.039e-09
1.038e-09
1.037e-09
1.036e-09
1.035e-09
1.034e-09
1.033e-09
1.031e-09
1.030e-09
1.029e-09
1.028e-09
1.027e-09
1.026e-09
1.025e-09
1.024e-09
1.023e-09
1.022e-09
1.021e-09
1.020e-09
1.019e-09
1.018e-09
1.017e-09
1.016e-09
1.015e-09
1.014e-09
1.013e-09
1.011e-09
1.010e-09
1.009e-09
1.008e-09
1.007e-09
1.006e-09
1.005e-09
1.004e-09
1.003e-09
1.002e-09
1.001e-09
1.000e-09
9.991e-10
9.980e-10
9.970e-10
9.960e-10
9.950e-10
9.939e-10
9.929e-10
9.919e-10
9.909e-10
9.899e-10
9.888e-10
9.878e-10
9.868e-10
9.858e-10
9.848e-10
9.838e-10
9.828e-10
9.818e-10
9.807e-10
9.797e-10
9.787e-10
9.777e-10
9.767e-10
9.757e-10
9.747e-10
9.737e-10
9.727e-10
9.717e-10
9.707e-10
9.697e-10
9.687e-10
9.677e-10
9.667e-10
9.657e-10
9.647e-10
9.637e-10
9.628e-10
9.618e-10
9.608e-10
9.598e-10
9.588e-10
9.578e-10
9.568e-10
9.559e-10
9.549e-10
9.539e-10
9.529e-10
9.519e-10
9.510e-10
9.500e-10
9.490e-10
9.480e-10
9.471e-10
9.461e-10
9.451e-10
9.441e-10
9.432e-10
9.422e-10
9.412e-10
9.403e-10
9.393e-10
9.383e-10
9.374e-10
9.364e-10
9.354e-10
9.345e-10
9.335e-10
9.326e-10
9.316e-10
9.307e-10
9.297e-10
9.287e-10
9.278e-10
9.268e-10
9.259e-10
9.249e-10
9.240e-10
9.230e-10
9.221e-10
9.211e-10
9.202e-10
9.193e-10
9.183e-10
9.174e-10
9.164e-10
9.155e-10
9.145e-10
9.136e-10
9.127e-10
9.117e-10
9.108e-10
9.099e-10
9.089e-10
9.080e-10
9.071e-10
9.061e-10
9.052e-10
9.043e-10
9.034e-10
9.024e-10
9.015e-10
9.006e-10
8.997e-10
8.988e-10
8.978e-10
8.969e-10
8.960e-10
8.951e-10
8.942e-10
8.933e-10
8.924e-10
8.915e-10
8.906e-10
8.896e-10
8.887e-10
8.878e-10
8.869e-10
8.860e-10
8.851e-10
8.842e-10
8.833e-10
8.824e-10
8.815e-10
8.806e-10
8.797e-10
8.788e-10
8.779e-10
8.771e-10
8.762e-10
8.753e-10
8.744e-10
8.735e-10
8.726e-10
8.717e-10
8.708e-10
8.699e-10
8.691e-10
8.682e-10
8.673e-10
8.664e-10
8.655e-10
8.646e-10
8.638e-10
8.629e-10
8.620e-10
8.611e-10
8.602e-10
8.594e-10
8.585e-10
8.576e-10
8.568e-10
8.559e-10
8.550e-10
8.541e-10
8.533e-10
8.524e-10
8.515e-10
8.507e-10
8.498e-10
8.489e-10
8.481e-10
8.472e-10
8.464e-10
8.455e-10
8.446e-10
8.438e-10
8.429e-10
8.421e-10
8.412e-10
8.403e-10
8.395e-10
8.386e-10
8.378e-10
8.369e-10
8.361e-10
8.352e-10
8.344e-10
8.335e-10
8.327e-10
8.318e-10
8.310e-10
8.301e-10
8.293e-10
8.285e-10
8.276e-10
8.268e-10
8.259e-10
8.251e-10
8.243e-10
8.234e-10
8.226e-10
8.217e-10
8.209e-10
8.201e-10
8.192e-10
8.184e-10
8.176e-10
8.167e-10
8.159e-10
8.151e-10
8.143e-10
8.134e-10
8.126e-10
8.118e-10
8.110e-10
8.101e-10
8.093e-10
8.085e-10
8.077e-10
8.068e-10
8.060e-10
8.052e-10
8.044e-10
8.036e-10
8.027e-10
8.019e-10
8.011e-10
8.003e-10
7.995e-10
7.987e-10
7.979e-10
7.971e-10
7.962e-10
7.954e-10
7.946e-10
7.938e-10
7.930e-10
7.922e-10
7.914e-10
7.906e-10
7.898e-10
7.890e-10
7.882e-10
7.874e-10
7.866e-10
7.858e-10
7.850e-10
7.842e-10
7.834e-10
7.826e-10
7.818e-10
7.810e-10
7.802e-10
7.794e-10
7.786e-10
7.778e-10
7.771e-10
7.763e-10
7.755e-10
7.747e-10
7.739e-10
7.731e-10
7.723e-10
7.715e-10
7.708e-10
7.700e-10
7.692e-10
7.684e-10
7.676e-10
7.669e-10
7.661e-10
7.653e-10
7.645e-10
7.637e-10
7.630e-10
7.622e-10
7.614e-10
7.606e-10
7.599e-10
7.591e-10
7.583e-10
7.576e-10
7.568e-10
7.560e-10
7.553e-10
7.545e-10
7.537e-10
7.530e-10
7.522e-10
7.514e-10
7.507e-10
7.499e-10
7.491e-10
7.484e-10
7.476e-10
7.469e-10
7.461e-10
7.453e-10
7.446e-10
7.438e-10
7.431e-10
7.423e-10
7.416e-10
7.408e-10
7.401e-10
7.393e-10
7.386e-10
7.378e-10
7.371e-10
7.363e-10
7.356e-10
7.348e-10
7.341e-10
7.333e-10
7.326e-10
7.318e-10
7.311e-10
7.304e-10
7.296e-10
7.289e-10
7.281e-10
7.274e-10
7.267e-10
7.259e-10
7.252e-10
7.244e-10
7.237e-10
7.230e-10
7.222e-10
7.215e-10
7.208e-10
7.200e-10
7.193e-10
7.186e-10
7.179e-10
7.171e-10
7.164e-10
7.157e-10
7.149e-10
7.142e-10
7.135e-10
7.128e-10
7.120e-10
7.113e-10
7.106e-10
7.099e-10
7.092e-10
7.084e-10
7.077e-10
7.070e-10
7.063e-10
7.056e-10
7.049e-10
7.041e-10
7.034e-10
7.027e-10
7.020e-10
7.013e-10
7.006e-10
6.999e-10
6.992e-10
6.984e-10
6.977e-10
6.970e-10
6.963e-10
6.956e-10
6.949e-10
6.942e-10
6.935e-10
6.928e-10
6.921e-10
6.914e-10
6.907e-10
6.900e-10
6.893e-10
6.886e-10
6.879e-10
6.872e-10
6.865e-10
6.858e-10
6.851e-10
6.844e-10
6.837e-10
6.830e-10
6.823e-10
6.816e-10
6.809e-10
6.803e-10
6.796e-10
6.789e-10
6.782e-10
6.775e-10
6.768e-10
6.761e-10
6.754e-10
6.748e-10
6.741e-10
6.734e-10
6.727e-10
6.720e-10
6.713e-10
6.707e-10
6.700e-10
6.693e-10
6.686e-10
6.679e-10
6.673e-10
6.666e-10
6.659e-10
6.652e-10
6.646e-10
6.639e-10
6.632e-10
6.625e-10
6.619e-10
6.612e-10
6.605e-10
6.599e-10
6.592e-10
6.585e-10
6.579e-10
6.572e-10
6.565e-10
6.559e-10
6.552e-10
6.545e-10
6.539e-10
6.532e-10
6.525e-10
6.519e-10
6.512e-10
6.506e-10
6.499e-10
6.492e-10
6.486e-10
6.479e-10
6.473e-10
6.466e-10
6.460e-10
6.453e-10
6.446e-10
6.440e-10
6.433e-10
6.427e-10
6.420e-10
6.414e-10
6.407e-10
6.401e-10
6.394e-10
6.388e-10
6.381e-10
6.375e-10
6.368e-10
6.362e-10
6.356e-10
6.349e-10
6.343e-10
6.336e-10
6.330e-10
6.324e-10
6.317e-10
6.311e-10
6.304e-10
6.298e-10
6.292e-10
6.285e-10
6.279e-10
6.273e-10
6.266e-10
6.260e-10
6.254e-10
6.247e-10
6.241e-10
6.235e-10
6.229e-10
6.222e-10
6.216e-10
6.210e-10
6.203e-10
6.197e-10
6.191e-10
6.185e-10
6.178e-10
6.172e-10
6.166e-10
6.160e-10
6.154e-10
6.147e-10
6.141e-10
6.135e-10
6.129e-10
6.123e-10
6.116e-10
6.110e-10
6.104e-10
6.098e-10
6.092e-10
6.086e-10
6.079e-10
6.073e-10
6.067e-10
6.061e-10
6.055e-10
6.049e-10
6.043e-10
6.037e-10
6.031e-10
6.024e-10
6.018e-10
6.012e-10
6.006e-10
6.000e-10
5.994e-10
5.988e-10
5.982e-10
5.976e-10
5.970e-10
5.964e-10
5.958e-10
5.952e-10
5.946e-10
5.940e-10
5.934e-10
5.928e-10
5.922e-10
5.916e-10
5.910e-10
5.904e-10
5.898e-10
5.892e-10
5.886e-10
5.880e-10
5.874e-10
5.868e-10
5.863e-10
5.857e-10
5.851e-10
5.845e-10
5.839e-10
5.833e-10
5.827e-10
5.821e-10
5.815e-10
5.810e-10
5.804e-10
5.798e-10
5.792e-10
5.786e-10
5.780e-10
5.774e-10
5.769e-10
5.763e-10
5.757e-10
5.751e-10
5.745e-10
5.740e-10
5.734e-10
5.728e-10
5.722e-10
5.716e-10
5.711e-10
5.705e-10
5.699e-10
5.693e-10
5.688e-10
5.682e-10
5.676e-10
5.671e-10
5.665e-10
5.659e-10
5.653e-10
5.648e-10
5.642e-10
5.636e-10
5.631e-10
5.625e-10
5.619e-10
5.614e-10
5.608e-10
5.602e-10
5.597e-10
5.591e-10
5.585e-10
5.580e-10
5.574e-10
5.568e-10
5.563e-10
5.557e-10
5.552e-10
5.546e-10
5.540e-10
5.535e-10
5.529e-10
5.524e-10
5.518e-10
5.513e-10
5.507e-10
5.501e-10
5.496e-10
5.490e-10
5.485e-10
5.479e-10
5.474e-10
5.468e-10
5.463e-10
5.457e-10
5.452e-10
5.446e-10
5.441e-10
5.435e-10
5.430e-10
5.424e-10
5.419e-10
5.413e-10
5.408e-10
5.402e-10
5.397e-10
5.392e-10
5.386e-10
5.381e-10
5.375e-10
5.370e-10
5.364e-10
5.359e-10
5.354e-10
5.348e-10
5.343e-10
5.337e-10
5.332e-10
5.327e-10
5.321e-10
5.316e-10
5.311e-10
5.305e-10
5.300e-10
5.294e-10
5.289e-10
5.284e-10
5.278e-10
5.273e-10
5.268e-10
5.263e-10
5.257e-10
5.252e-10
5.247e-10
5.241e-10
5.236e-10
5.231e-10
5.225e-10
5.220e-10
5.215e-10
5.210e-10
5.204e-10
5.199e-10
5.194e-10
5.189e-10
5.183e-10
5.178e-10
5.173e-10
5.168e-10
5.163e-10
5.157e-10
5.152e-10
5.147e-10
5.142e-10
5.137e-10
5.131e-10
5.126e-10
5.121e-10
5.116e-10
5.111e-10
5.106e-10
5.100e-10
5.095e-10
5.090e-10
5.085e-10
5.080e-10
5.075e-10
5.070e-10
5.065e-10
5.059e-10
5.054e-10
5.049e-10
5.044e-10
5.039e-10
5.034e-10
5.029e-10
5.024e-10
5.019e-10
5.014e-10
5.009e-10
5.004e-10
4.999e-10
4.994e-10
4.989e-10
4.984e-10
4.978e-10
4.973e-10
4.968e-10
4.963e-10
4.958e-10
4.953e-10
4.948e-10
4.943e-10
4.938e-10
4.933e-10
4.929e-10
4.924e-10
4.919e-10
4.914e-10
4.909e-10
4.904e-10
4.899e-10
4.894e-10
4.889e-10
4.884e-10
4.879e-10
4.874e-10
4.869e-10
4.864e-10
4.859e-10
4.855e-10
4.850e-10
4.845e-10
4.840e-10
4.835e-10
4.830e-10
4.825e-10
4.820e-10
4.815e-10
4.811e-10
4.806e-10
4.801e-10
4.796e-10
4.791e-10
4.786e-10
4.782e-10
4.777e-10
4.772e-10
4.767e-10
4.762e-10
4.758e-10
4.753e-10
4.748e-10
4.743e-10
4.738e-10
4.734e-10
4.729e-10
4.724e-10
4.719e-10
4.715e-10
4.710e-10
4.705e-10
4.700e-10
4.696e-10
4.691e-10
4.686e-10
4.681e-10
4.677e-10
4.672e-10
4.667e-10
4.663e-10
4.658e-10
4.653e-10
4.648e-10
4.644e-10
4.639e-10
4.634e-10
4.630e-10
4.625e-10
4.620e-10
4.616e-10
4.611e-10
4.606e-10
4.602e-10
4.597e-10
4.593e-10
4.588e-10
4.583e-10
4.579e-10
4.574e-10
4.569e-10
4.565e-10
4.560e-10
4.556e-10
4.551e-10
4.546e-10
4.542e-10
4.537e-10
4.533e-10
4.528e-10
4.524e-10
4.519e-10
4.514e-10
4.510e-10
4.505e-10
4.501e-10
4.496e-10
4.492e-10
4.487e-10
4.483e-10
4.478e-10
4.474e-10
4.469e-10
4.465e-10
4.460e-10
4.456e-10
4.451e-10
4.447e-10
4.442e-10
4.438e-10
4.433e-10
4.429e-10
4.424e-10
4.420e-10
4.415e-10
4.411e-10
4.407e-10
4.402e-10
4.398e-10
4.393e-10
4.389e-10
4.384e-10
4.380e-10
4.376e-10
4.371e-10
4.367e-10
4.362e-10
4.358e-10
4.354e-10
4.349e-10
4.345e-10
4.340e-10
4.336e-10
4.332e-10
4.327e-10
4.323e-10
4.319e-10
4.314e-10
4.310e-10
4.305e-10
4.301e-10
4.297e-10
4.292e-10
4.288e-10
4.284e-10
4.280e-10
4.275e-10
4.271e-10
4.267e-10
4.262e-10
4.258e-10
4.254e-10
4.249e-10
4.245e-10
4.241e-10
4.237e-10
4.232e-10
4.228e-10
4.224e-10
4.220e-10
4.215e-10
4.211e-10
4.207e-10
4.203e-10
4.198e-10
4.194e-10
4.190e-10
4.186e-10
4.181e-10
4.177e-10
4.173e-10
4.169e-10
4.165e-10
4.160e-10
4.156e-10
4.152e-10
4.148e-10
4.144e-10
4.139e-10
4.135e-10
4.131e-10
4.127e-10
4.123e-10
4.119e-10
4.114e-10
4.110e-10
4.106e-10
4.102e-10
4.098e-10
4.094e-10
4.090e-10
4.086e-10
4.081e-10
4.077e-10
4.073e-10
4.069e-10
4.065e-10
4.061e-10
4.057e-10
4.053e-10
4.049e-10
4.045e-10
4.040e-10
4.036e-10
4.032e-10
4.028e-10
4.024e-10
4.020e-10
4.016e-10
4.012e-10
4.008e-10
4.004e-10
4.000e-10
3.996e-10
3.992e-10
3.988e-10
3.984e-10
3.980e-10
3.976e-10
3.972e-10
3.968e-10
3.964e-10
3.960e-10
3.956e-10
3.952e-10
3.948e-10
3.944e-10
3.940e-10
3.936e-10
3.932e-10
3.928e-10
3.924e-10
3.920e-10
3.916e-10
3.912e-10
3.908e-10
3.904e-10
3.900e-10
3.896e-10
3.893e-10
3.889e-10
3.885e-10
3.881e-10
3.877e-10
3.873e-10
3.869e-10
3.865e-10
3.861e-10
3.857e-10
3.853e-10
3.850e-10
3.846e-10
3.842e-10
3.838e-10
3.834e-10
3.830e-10
3.826e-10
3.822e-10
3.819e-10
3.815e-10
3.811e-10
3.807e-10
3.803e-10
3.799e-10
3.796e-10
3.792e-10
3.788e-10
3.784e-10
3.780e-10
3.777e-10
3.773e-10
3.769e-10
3.765e-10
3.761e-10
3.758e-10
3.754e-10
3.750e-10
3.746e-10
3.742e-10
3.739e-10
3.735e-10
3.731e-10
3.727e-10
3.724e-10
3.720e-10
3.716e-10
3.712e-10
3.709e-10
3.705e-10
3.701e-10
3.697e-10
3.694e-10
3.690e-10
3.686e-10
3.683e-10
3.679e-10
3.675e-10
3.671e-10
3.668e-10
3.664e-10
3.660e-10
3.657e-10
3.653e-10
3.649e-10
3.646e-10
3.642e-10
3.638e-10
3.635e-10
3.631e-10
3.627e-10
3.624e-10
3.620e-10
3.616e-10
3.613e-10
3.609e-10
3.605e-10
3.602e-10
3.598e-10
3.594e-10
3.591e-10
3.587e-10
3.584e-10
3.580e-10
3.576e-10
3.573e-10
3.569e-10
3.566e-10
3.562e-10
3.558e-10
3.555e-10
3.551e-10
3.548e-10
3.544e-10
3.541e-10
3.537e-10
3.533e-10
3.530e-10
3.526e-10
3.523e-10
3.519e-10
3.516e-10
3.512e-10
3.509e-10
3.505e-10
3.502e-10
3.498e-10
3.494e-10
3.491e-10
3.487e-10
3.484e-10
3.480e-10
3.477e-10
3.473e-10
3.470e-10
3.466e-10
3.463e-10
3.459e-10
3.456e-10
3.452e-10
3.449e-10
3.445e-10
3.442e-10
3.439e-10
3.435e-10
3.432e-10
3.428e-10
3.425e-10
3.421e-10
3.418e-10
3.414e-10
3.411e-10
3.407e-10
3.404e-10
3.401e-10
3.397e-10
3.394e-10
3.390e-10
3.387e-10
3.384e-10
3.380e-10
3.377e-10
3.373e-10
3.370e-10
3.367e-10
3.363e-10
3.360e-10
3.356e-10
3.353e-10
3.350e-10
3.346e-10
3.343e-10
3.339e-10
3.336e-10
3.333e-10
3.329e-10
3.326e-10
3.323e-10
3.319e-10
3.316e-10
3.313e-10
3.309e-10
3.306e-10
3.303e-10
3.299e-10
3.296e-10
3.293e-10
3.289e-10
3.286e-10
3.283e-10
3.279e-10
3.276e-10
3.273e-10
3.270e-10
3.266e-10
3.263e-10
3.260e-10
3.256e-10
3.253e-10
3.250e-10
3.247e-10
3.243e-10
3.240e-10
3.237e-10
3.233e-10
3.230e-10
3.227e-10
3.224e-10
3.220e-10
3.217e-10
3.214e-10
3.211e-10
3.207e-10
3.204e-10
3.201e-10
3.198e-10
3.195e-10
3.191e-10
3.188e-10
3.185e-10
3.182e-10
3.179e-10
3.175e-10
3.172e-10
3.169e-10
3.166e-10
3.163e-10
3.159e-10
3.156e-10
3.153e-10
3.150e-10
3.147e-10
3.143e-10
3.140e-10
3.137e-10
3.134e-10
3.131e-10
3.128e-10
3.125e-10
3.121e-10
3.118e-10
3.115e-10
3.112e-10
3.109e-10
3.106e-10
3.103e-10
3.099e-10
3.096e-10
3.093e-10
3.090e-10
3.087e-10
3.084e-10
3.081e-10
3.078e-10
3.075e-10
3.071e-10
3.068e-10
3.065e-10
3.062e-10
3.059e-10
3.056e-10
3.053e-10
3.050e-10
3.047e-10
3.044e-10
3.041e-10
3.038e-10
3.035e-10
3.031e-10
3.028e-10
3.025e-10
3.022e-10
3.019e-10
3.016e-10
3.013e-10
3.010e-10
3.007e-10
3.004e-10
3.001e-10
2.998e-10
2.995e-10
2.992e-10
2.989e-10
2.986e-10
2.983e-10
2.980e-10
2.977e-10
2.974e-10
2.971e-10
2.968e-10
2.965e-10
2.962e-10
2.959e-10
2.956e-10
2.953e-10
2.950e-10
2.947e-10
2.944e-10
2.941e-10
2.938e-10
2.935e-10
2.932e-10
2.929e-10
2.927e-10
2.924e-10
2.921e-10
2.918e-10
2.915e-10
2.912e-10
2.909e-10
2.906e-10
2.903e-10
2.900e-10
2.897e-10
2.894e-10
2.891e-10
2.889e-10
2.886e-10
2.883e-10
2.880e-10
2.877e-10
2.874e-10
2.871e-10
2.868e-10
2.865e-10
2.862e-10
2.860e-10
2.857e-10
2.854e-10
2.851e-10
2.848e-10
2.845e-10
2.842e-10
2.840e-10
2.837e-10
2.834e-10
2.831e-10
2.828e-10
2.825e-10
2.822e-10
2.820e-10
2.817e-10
2.814e-10
2.811e-10
2.808e-10
2.805e-10
2.803e-10
2.800e-10
2.797e-10
2.794e-10
2.791e-10
2.789e-10
2.786e-10
2.783e-10
2.780e-10
2.777e-10
2.775e-10
2.772e-10
2.769e-10
2.766e-10
2.763e-10
2.761e-10
2.758e-10
2.755e-10
2.752e-10
2.750e-10
2.747e-10
2.744e-10
2.741e-10
2.738e-10
2.736e-10
2.733e-10
2.730e-10
2.727e-10
2.725e-10
2.722e-10
2.719e-10
2.716e-10
2.714e-10
2.711e-10
2.708e-10
2.706e-10
2.703e-10
2.700e-10
2.697e-10
2.695e-10
2.692e-10
2.689e-10
2.687e-10
2.684e-10
2.681e-10
2.678e-10
2.676e-10
2.673e-10
2.670e-10
2.668e-10
2.665e-10
2.662e-10
2.660e-10
2.657e-10
2.654e-10
2.652e-10
2.649e-10
2.646e-10
2.644e-10
2.641e-10
2.638e-10
2.636e-10
2.633e-10
2.630e-10
2.628e-10
2.625e-10
2.622e-10
2.620e-10
2.617e-10
2.615e-10
2.612e-10
2.609e-10
2.607e-10
2.604e-10
2.601e-10
2.599e-10
2.596e-10
2.594e-10
2.591e-10
2.588e-10
2.586e-10
2.583e-10
2.581e-10
2.578e-10
2.575e-10
2.573e-10
2.570e-10
2.568e-10
2.565e-10
2.562e-10
2.560e-10
2.557e-10
2.555e-10
2.552e-10
2.550e-10
2.547e-10
2.544e-10
2.542e-10
2.539e-10
2.537e-10
2.534e-10
2.532e-10
2.529e-10
2.527e-10
2.524e-10
2.522e-10
2.519e-10
2.516e-10
2.514e-10
2.511e-10
2.509e-10
2.506e-10
2.504e-10
2.501e-10
2.499e-10
2.496e-10
2.494e-10
2.491e-10
2.489e-10
2.486e-10
2.484e-10
2.481e-10
2.479e-10
2.476e-10
2.474e-10
2.471e-10
2.469e-10
2.466e-10
2.464e-10
2.461e-10
2.459e-10
2.456e-10
2.454e-10
2.451e-10
2.449e-10
2.447e-10
2.444e-10
2.442e-10
2.439e-10
2.437e-10
2.434e-10
2.432e-10
2.429e-10
2.427e-10
2.424e-10
2.422e-10
2.420e-10
2.417e-10
2.415e-10
2.412e-10
2.410e-10
2.407e-10
2.405e-10
2.403e-10
2.400e-10
2.398e-10
2.395e-10
2.393e-10
2.391e-10
2.388e-10
2.386e-10
2.383e-10
2.381e-10
2.379e-10
2.376e-10
2.374e-10
2.371e-10
2.369e-10
2.367e-10
2.364e-10
2.362e-10
2.359e-10
2.357e-10
2.355e-10
2.352e-10
2.350e-10
2.348e-10
2.345e-10
2.343e-10
2.341e-10
2.338e-10
2.336e-10
2.333e-10
2.331e-10
2.329e-10
2.326e-10
2.324e-10
2.322e-10
2.319e-10
2.317e-10
2.315e-10
2.312e-10
2.310e-10
2.308e-10
2.305e-10
2.303e-10
2.301e-10
2.298e-10
2.296e-10
2.294e-10
2.292e-10
2.289e-10
2.287e-10
2.285e-10
2.282e-10
2.280e-10
2.278e-10
2.275e-10
2.273e-10
2.271e-10
2.269e-10
2.266e-10
2.264e-10
2.262e-10
2.259e-10
2.257e-10
2.255e-10
2.253e-10
2.250e-10
2.248e-10
2.246e-10
2.244e-10
2.241e-10
2.239e-10
2.237e-10
2.235e-10
2.232e-10
2.230e-10
2.228e-10
2.226e-10
2.223e-10
2.221e-10
2.219e-10
2.217e-10
2.214e-10
2.212e-10
2.210e-10
2.208e-10
2.206e-10
2.203e-10
2.201e-10
2.199e-10
2.197e-10
2.194e-10
2.192e-10
2.190e-10
2.188e-10
2.186e-10
2.183e-10
2.181e-10
2.179e-10
2.177e-10
2.175e-10
2.172e-10
2.170e-10
2.168e-10
2.166e-10
2.164e-10
2.162e-10
2.159e-10
2.157e-10
2.155e-10
2.153e-10
2.151e-10
2.149e-10
2.146e-10
2.144e-10
2.142e-10
2.140e-10
2.138e-10
2.136e-10
2.133e-10
2.131e-10
2.129e-10
2.127e-10
2.125e-10
2.123e-10
2.121e-10
2.118e-10
2.116e-10
2.114e-10
2.112e-10
2.110e-10
2.108e-10
2.106e-10
2.104e-10
2.101e-10
2.099e-10
2.097e-10
2.095e-10
2.093e-10
2.091e-10
2.089e-10
2.087e-10
2.085e-10
2.083e-10
2.080e-10
2.078e-10
2.076e-10
2.074e-10
2.072e-10
2.070e-10
2.068e-10
2.066e-10
2.064e-10
2.062e-10
2.060e-10
2.058e-10
2.055e-10
2.053e-10
2.051e-10
2.049e-10
2.047e-10
2.045e-10
2.043e-10
2.041e-10
2.039e-10
2.037e-10
2.035e-10
2.033e-10
2.031e-10
2.029e-10
2.027e-10
2.025e-10
2.023e-10
2.021e-10
2.019e-10
2.017e-10
2.014e-10
2.012e-10
2.010e-10
2.008e-10
2.006e-10
2.004e-10
2.002e-10
2.000e-10
1.998e-10
1.996e-10
1.994e-10
1.992e-10
1.990e-10
1.988e-10
1.986e-10
1.984e-10
1.982e-10
1.980e-10
1.978e-10
1.976e-10
1.974e-10
1.972e-10
1.970e-10
1.968e-10
1.966e-10
1.964e-10
1.962e-10
1.960e-10
1.958e-10
1.957e-10
1.955e-10
1.953e-10
1.951e-10
1.949e-10
1.947e-10
1.945e-10
1.943e-10
1.941e-10
1.939e-10
1.937e-10
1.935e-10
1.933e-10
1.931e-10
1.929e-10
1.927e-10
1.925e-10
1.923e-10
1.921e-10
1.919e-10
1.918e-10
1.916e-10
1.914e-10
1.912e-10
1.910e-10
1.908e-10
1.906e-10
1.904e-10
1.902e-10
1.900e-10
1.898e-10
1.896e-10
1.894e-10
1.893e-10
1.891e-10
1.889e-10
1.887e-10
1.885e-10
1.883e-10
1.881e-10
1.879e-10
1.877e-10
1.876e-10
1.874e-10
1.872e-10
1.870e-10
1.868e-10
1.866e-10
1.864e-10
1.862e-10
1.860e-10
1.859e-10
1.857e-10
1.855e-10
1.853e-10
1.851e-10
1.849e-10
1.847e-10
1.846e-10
1.844e-10
1.842e-10
1.840e-10
1.838e-10
1.836e-10
1.834e-10
1.833e-10
1.831e-10
1.829e-10
1.827e-10
1.825e-10
1.823e-10
1.822e-10
1.820e-10
1.818e-10
1.816e-10
1.814e-10
1.812e-10
1.811e-10
1.809e-10
1.807e-10
1.805e-10
1.803e-10
1.801e-10
1.800e-10
1.798e-10
1.796e-10
1.794e-10
1.792e-10
1.791e-10
1.789e-10
1.787e-10
1.785e-10
1.783e-10
1.782e-10
1.780e-10
1.778e-10
1.776e-10
1.774e-10
1.773e-10
1.771e-10
1.769e-10
1.767e-10
1.766e-10
1.764e-10
1.762e-10
1.760e-10
1.758e-10
1.757e-10
1.755e-10
1.753e-10
1.751e-10
1.750e-10
1.748e-10
1.746e-10
1.744e-10
1.743e-10
1.741e-10
1.739e-10
1.737e-10
1.736e-10
1.734e-10
1.732e-10
1.730e-10
1.729e-10
1.727e-10
1.725e-10
1.723e-10
1.722e-10
1.720e-10
1.718e-10
1.716e-10
1.715e-10
1.713e-10
1.711e-10
1.710e-10
1.708e-10
1.706e-10
1.704e-10
1.703e-10
1.701e-10
1.699e-10
1.698e-10
1.696e-10
1.694e-10
1.692e-10
1.691e-10
1.689e-10
1.687e-10
1.686e-10
1.684e-10
1.682e-10
1.681e-10
1.679e-10
1.677e-10
1.676e-10
1.674e-10
1.672e-10
1.670e-10
1.669e-10
1.667e-10
1.665e-10
1.664e-10
1.662e-10
1.660e-10
1.659e-10
1.657e-10
1.655e-10
1.654e-10
1.652e-10
1.650e-10
1.649e-10
1.647e-10
1.645e-10
1.644e-10
1.642e-10
1.640e-10
1.639e-10
1.637e-10
1.636e-10
1.634e-10
1.632e-10
1.631e-10
1.629e-10
1.627e-10
1.626e-10
1.624e-10
1.622e-10
1.621e-10
1.619e-10
1.617e-10
1.616e-10
1.614e-10
1.613e-10
1.611e-10
1.609e-10
1.608e-10
1.606e-10
1.605e-10
1.603e-10
1.601e-10
1.600e-10
1.598e-10
1.596e-10
1.595e-10
1.593e-10
1.592e-10
1.590e-10
1.588e-10
1.587e-10
1.585e-10
1.584e-10
1.582e-10
1.580e-10
1.579e-10
1.577e-10
1.576e-10
1.574e-10
1.573e-10
1.571e-10
1.569e-10
1.568e-10
1.566e-10
1.565e-10
1.563e-10
1.561e-10
1.560e-10
1.558e-10
1.557e-10
1.555e-10
1.554e-10
1.552e-10
1.551e-10
1.549e-10
1.547e-10
1.546e-10
1.544e-10
1.543e-10
1.541e-10
1.540e-10
1.538e-10
1.537e-10
1.535e-10
1.533e-10
1.532e-10
1.530e-10
1.529e-10
1.527e-10
1.526e-10
1.524e-10
1.523e-10
1.521e-10
1.520e-10
1.518e-10
1.517e-10
1.515e-10
1.514e-10
1.512e-10
1.510e-10
1.509e-10
1.507e-10
1.506e-10
1.504e-10
1.503e-10
1.501e-10
1.500e-10
1.498e-10
1.497e-10
1.495e-10
1.494e-10
1.492e-10
1.491e-10
1.489e-10
1.488e-10
1.486e-10
1.485e-10
1.483e-10
1.482e-10
1.480e-10
1.479e-10
1.477e-10
1.476e-10
1.474e-10
1.473e-10
1.471e-10
1.470e-10
1.468e-10
1.467e-10
1.466e-10
1.464e-10
1.463e-10
1.461e-10
1.460e-10
1.458e-10
1.457e-10
1.455e-10
1.454e-10
1.452e-10
1.451e-10
1.449e-10
1.448e-10
1.446e-10
1.445e-10
1.444e-10
1.442e-10
1.441e-10
1.439e-10
1.438e-10
1.436e-10
1.435e-10
1.433e-10
1.432e-10
1.431e-10
1.429e-10
1.428e-10
1.426e-10
1.425e-10
1.423e-10
1.422e-10
1.420e-10
1.419e-10
1.418e-10
1.416e-10
1.415e-10
1.413e-10
1.412e-10
1.410e-10
1.409e-10
1.408e-10
1.406e-10
1.405e-10
1.403e-10
1.402e-10
1.401e-10
1.399e-10
1.398e-10
1.396e-10
1.395e-10
1.394e-10
1.392e-10
1.391e-10
1.389e-10
1.388e-10
1.387e-10
1.385e-10
1.384e-10
1.382e-10
1.381e-10
1.380e-10
1.378e-10
1.377e-10
1.375e-10
1.374e-10
1.373e-10
1.371e-10
1.370e-10
1.369e-10
1.367e-10
1.366e-10
1.364e-10
1.363e-10
1.362e-10
1.360e-10
1.359e-10
1.358e-10
1.356e-10
1.355e-10
1.353e-10
1.352e-10
1.351e-10
1.349e-10
1.348e-10
1.347e-10
1.345e-10
1.344e-10
1.343e-10
1.341e-10
1.340e-10
1.339e-10
1.337e-10
1.336e-10
1.335e-10
1.333e-10
1.332e-10
1.330e-10
1.329e-10
1.328e-10
1.326e-10
1.325e-10
1.324e-10
1.322e-10
1.321e-10
1.320e-10
1.318e-10
1.317e-10
1.316e-10
1.315e-10
1.313e-10
1.312e-10
1.311e-10
1.309e-10
1.308e-10
1.307e-10
1.305e-10
1.304e-10
1.303e-10
1.301e-10
1.300e-10
1.299e-10
1.297e-10
1.296e-10
1.295e-10
1.293e-10
1.292e-10
1.291e-10
1.290e-10
1.288e-10
1.287e-10
1.286e-10
1.284e-10
1.283e-10
1.282e-10
1.281e-10
1.279e-10
1.278e-10
1.277e-10
1.275e-10
1.274e-10
1.273e-10
1.272e-10
1.270e-10
1.269e-10
1.268e-10
1.266e-10
1.265e-10
1.264e-10
1.263e-10
1.261e-10
1.260e-10
1.259e-10
1.258e-10
1.256e-10
1.255e-10
1.254e-10
1.252e-10
1.251e-10
1.250e-10
1.249e-10
1.247e-10
1.246e-10
1.245e-10
1.244e-10
1.242e-10
1.241e-10
1.240e-10
1.239e-10
1.237e-10
1.236e-10
1.235e-10
1.234e-10
1.232e-10
1.231e-10
1.230e-10
1.229e-10
1.228e-10
1.226e-10
1.225e-10
1.224e-10
1.223e-10
1.221e-10
1.220e-10
1.219e-10
1.218e-10
1.216e-10
1.215e-10
1.214e-10
1.213e-10
1.212e-10
1.210e-10
1.209e-10
1.208e-10
1.207e-10
1.205e-10
1.204e-10
1.203e-10
1.202e-10
1.201e-10
1.199e-10
1.198e-10
1.197e-10
1.196e-10
1.195e-10
1.193e-10
1.192e-10
1.191e-10
1.190e-10
1.189e-10
1.187e-10
1.186e-10
1.185e-10
1.184e-10
1.183e-10
1.181e-10
1.180e-10
1.179e-10
1.178e-10
1.177e-10
1.175e-10
1.174e-10
1.173e-10
1.172e-10
1.171e-10
1.170e-10
1.168e-10
1.167e-10
1.166e-10
1.165e-10
1.164e-10
1.163e-10
1.161e-10
1.160e-10
1.159e-10
1.158e-10
1.157e-10
1.156e-10
1.154e-10
1.153e-10
1.152e-10
1.151e-10
1.150e-10
1.149e-10
1.147e-10
1.146e-10
1.145e-10
1.144e-10
1.143e-10
1.142e-10
1.141e-10
1.139e-10
1.138e-10
1.137e-10
1.136e-10
1.135e-10
1.134e-10
1.132e-10
1.131e-10
1.130e-10
1.129e-10
1.128e-10
1.127e-10
1.126e-10
1.125e-10
1.123e-10
1.122e-10
1.121e-10
1.120e-10
1.119e-10
1.118e-10
1.117e-10
1.116e-10
1.114e-10
1.113e-10
1.112e-10
1.111e-10
1.110e-10
1.109e-10
1.108e-10
1.107e-10
1.105e-10
1.104e-10
1.103e-10
1.102e-10
1.101e-10
1.100e-10
1.099e-10
1.098e-10
1.097e-10
1.095e-10
1.094e-10
1.093e-10
1.092e-10
1.091e-10
1.090e-10
1.089e-10
1.088e-10
1.087e-10
1.086e-10
1.085e-10
1.083e-10
1.082e-10
1.081e-10
1.080e-10
1.079e-10
1.078e-10
1.077e-10
1.076e-10
1.075e-10
1.074e-10
1.073e-10
1.071e-10
1.070e-10
1.069e-10
1.068e-10
1.067e-10
1.066e-10
1.065e-10
1.064e-10
1.063e-10
1.062e-10
1.061e-10
1.060e-10
1.059e-10
1.058e-10
1.056e-10
1.055e-10
1.054e-10
1.053e-10
1.052e-10
1.051e-10
1.050e-10
1.049e-10
1.048e-10
1.047e-10
1.046e-10
1.045e-10
1.044e-10
1.043e-10
1.042e-10
1.041e-10
1.040e-10
1.039e-10
1.038e-10
1.036e-10
1.035e-10
1.034e-10
1.033e-10
1.032e-10
1.031e-10
1.030e-10
1.029e-10
1.028e-10
1.027e-10
1.026e-10
1.025e-10
1.024e-10
1.023e-10
1.022e-10
1.021e-10
1.020e-10
1.019e-10
1.018e-10
1.017e-10
1.016e-10
1.015e-10
1.014e-10
1.013e-10
1.012e-10
1.011e-10
1.010e-10
1.009e-10
1.008e-10
1.007e-10
1.006e-10
1.005e-10
1.004e-10
1.003e-10
1.002e-10
1.001e-10
9.996e-11
Use 8030iteration
Elipsed time:1.230e+02
