Error of smoother:
3.711e-01
2.480e-01
1.737e-01
1.194e-01
7.796e-02
4.776e-02
3.049e-02
2.091e-02
1.462e-02
1.034e-02
7.402e-03
5.535e-03
4.329e-03
3.361e-03
2.592e-03
1.939e-03
1.455e-03
1.076e-03
7.839e-04
6.314e-04
5.154e-04
4.335e-04
3.672e-04
3.129e-04
2.680e-04
2.307e-04
1.993e-04
1.728e-04
1.503e-04
1.312e-04
1.158e-04
1.032e-04
9.200e-05
8.188e-05
7.276e-05
6.459e-05
5.728e-05
5.076e-05
4.495e-05
3.979e-05
3.520e-05
3.114e-05
2.753e-05
2.434e-05
2.151e-05
1.901e-05
1.679e-05
1.484e-05
1.311e-05
1.158e-05
1.023e-05
9.032e-06
7.977e-06
7.045e-06
6.222e-06
5.494e-06
4.852e-06
4.285e-06
3.784e-06
3.341e-06
2.951e-06
2.606e-06
2.301e-06
2.032e-06
1.794e-06
1.584e-06
1.399e-06
1.235e-06
1.091e-06
9.632e-07
8.506e-07
7.511e-07
6.632e-07
5.856e-07
5.171e-07
4.566e-07
4.032e-07
3.561e-07
3.144e-07
2.776e-07
2.451e-07
2.165e-07
1.912e-07
1.688e-07
1.490e-07
1.316e-07
1.162e-07
1.026e-07
9.062e-08
8.002e-08
7.066e-08
6.239e-08
5.509e-08
4.865e-08
4.296e-08
3.793e-08
3.349e-08
2.958e-08
2.612e-08
2.306e-08
2.036e-08
1.798e-08
1.588e-08
1.402e-08
1.238e-08
1.093e-08
9.654e-09
8.524e-09
7.527e-09
6.647e-09
5.869e-09
5.183e-09
4.576e-09
4.041e-09
3.568e-09
3.151e-09
2.782e-09
2.457e-09
2.169e-09
1.916e-09
1.692e-09
1.494e-09
1.319e-09
1.165e-09
1.028e-09
9.081e-10
8.019e-10
7.081e-10
6.253e-10
5.521e-10
4.875e-10
4.305e-10
3.802e-10
3.357e-10
2.964e-10
2.617e-10
2.311e-10
2.041e-10
1.802e-10
1.591e-10
1.405e-10
1.241e-10
1.096e-10
9.675e-11
Use 144iteration
Elipsed time:1.800e-02
