Relative Error:
1.432e+01
3.210e+00
7.413e-01
1.804e-01
4.096e-02
8.443e-03
1.749e-03
4.450e-04
1.041e-04
2.160e-05
5.342e-06
1.426e-06
3.475e-07
7.937e-08
1.609e-08
3.403e-09
8.574e-10
1.787e-10
4.475e-11
1.229e-11
3.210e-12
7.240e-13
2.599e-13
2.030e-13
Absolute Error
2.373e-01
5.415e-02
1.245e-02
2.751e-03
7.483e-04
2.896e-04
2.064e-04
1.992e-04
2.003e-04
2.008e-04
2.008e-04
2.008e-04
2.008e-04
2.008e-04
2.008e-04
2.008e-04
2.008e-04
2.008e-04
2.008e-04
2.008e-04
2.008e-04
2.008e-04
2.008e-04
2.008e-04
Elipsed time:4.510e+00
