Error of smoother:
1.191e-01
1.047e-01
9.200e-02
8.068e-02
7.060e-02
6.161e-02
5.361e-02
4.651e-02
4.021e-02
3.465e-02
2.975e-02
2.545e-02
2.169e-02
1.841e-02
1.555e-02
1.323e-02
1.142e-02
1.002e-02
8.796e-03
7.731e-03
6.802e-03
5.992e-03
5.284e-03
4.665e-03
4.123e-03
3.649e-03
3.233e-03
2.867e-03
2.546e-03
2.263e-03
2.014e-03
1.795e-03
1.601e-03
1.429e-03
1.278e-03
1.144e-03
1.024e-03
9.188e-04
8.249e-04
7.414e-04
6.671e-04
6.008e-04
5.417e-04
4.889e-04
4.417e-04
3.995e-04
3.617e-04
3.278e-04
2.973e-04
2.700e-04
2.454e-04
2.233e-04
2.034e-04
1.855e-04
1.695e-04
1.552e-04
1.423e-04
1.306e-04
1.200e-04
1.104e-04
1.018e-04
9.408e-05
8.704e-05
8.061e-05
7.473e-05
6.934e-05
6.442e-05
5.990e-05
5.576e-05
5.195e-05
4.845e-05
4.524e-05
4.227e-05
3.954e-05
3.703e-05
3.470e-05
3.255e-05
3.056e-05
2.872e-05
2.702e-05
2.543e-05
2.396e-05
2.265e-05
2.145e-05
2.032e-05
1.934e-05
1.841e-05
1.754e-05
1.671e-05
1.593e-05
1.520e-05
1.450e-05
1.385e-05
1.322e-05
1.263e-05
1.207e-05
1.154e-05
1.104e-05
1.056e-05
1.011e-05
9.672e-06
9.263e-06
8.890e-06
8.542e-06
8.217e-06
7.904e-06
7.603e-06
7.314e-06
7.036e-06
6.768e-06
6.510e-06
6.262e-06
6.024e-06
5.795e-06
5.574e-06
5.362e-06
5.158e-06
4.962e-06
4.773e-06
4.591e-06
4.417e-06
4.248e-06
4.087e-06
3.931e-06
3.782e-06
3.638e-06
3.499e-06
3.366e-06
3.238e-06
3.115e-06
2.996e-06
2.882e-06
2.772e-06
2.667e-06
2.565e-06
2.468e-06
2.374e-06
2.283e-06
2.197e-06
2.113e-06
2.033e-06
1.955e-06
1.881e-06
1.809e-06
1.740e-06
1.674e-06
1.610e-06
1.549e-06
1.490e-06
1.433e-06
1.379e-06
1.326e-06
1.276e-06
1.227e-06
1.181e-06
1.136e-06
1.092e-06
1.051e-06
1.011e-06
9.724e-07
9.354e-07
8.998e-07
8.655e-07
8.326e-07
8.009e-07
7.704e-07
7.411e-07
7.129e-07
6.858e-07
6.597e-07
6.346e-07
6.104e-07
5.872e-07
5.648e-07
5.433e-07
5.227e-07
5.028e-07
4.836e-07
4.652e-07
4.475e-07
4.305e-07
4.141e-07
3.983e-07
3.832e-07
3.686e-07
3.546e-07
3.411e-07
3.281e-07
3.156e-07
3.036e-07
2.920e-07
2.809e-07
2.702e-07
2.599e-07
2.500e-07
2.405e-07
2.314e-07
2.226e-07
2.141e-07
2.059e-07
1.981e-07
1.906e-07
1.833e-07
1.763e-07
1.696e-07
1.632e-07
1.570e-07
1.510e-07
1.452e-07
1.397e-07
1.344e-07
1.293e-07
1.244e-07
1.196e-07
1.151e-07
1.107e-07
1.065e-07
1.024e-07
9.853e-08
9.478e-08
9.117e-08
8.770e-08
8.437e-08
8.115e-08
7.807e-08
7.509e-08
7.224e-08
6.949e-08
6.684e-08
6.430e-08
6.185e-08
5.950e-08
5.723e-08
5.505e-08
5.296e-08
5.094e-08
4.900e-08
4.714e-08
4.534e-08
4.362e-08
4.196e-08
4.036e-08
3.883e-08
3.735e-08
3.593e-08
3.456e-08
3.324e-08
3.198e-08
3.076e-08
2.959e-08
2.846e-08
2.738e-08
2.634e-08
2.534e-08
2.437e-08
2.344e-08
2.255e-08
2.169e-08
2.087e-08
2.007e-08
1.931e-08
1.858e-08
1.787e-08
1.719e-08
1.653e-08
1.590e-08
1.530e-08
1.472e-08
1.416e-08
1.362e-08
1.310e-08
1.260e-08
1.212e-08
1.166e-08
1.122e-08
1.079e-08
1.038e-08
9.984e-09
9.604e-09
9.238e-09
8.887e-09
8.548e-09
8.223e-09
7.910e-09
7.609e-09
7.319e-09
7.041e-09
6.773e-09
6.515e-09
6.267e-09
6.029e-09
5.799e-09
5.578e-09
5.366e-09
5.162e-09
4.965e-09
4.776e-09
4.595e-09
4.420e-09
4.252e-09
4.090e-09
3.934e-09
3.784e-09
3.640e-09
3.502e-09
3.368e-09
3.240e-09
3.117e-09
2.998e-09
2.884e-09
2.774e-09
2.669e-09
2.567e-09
2.470e-09
2.376e-09
2.285e-09
2.198e-09
2.115e-09
2.034e-09
1.957e-09
1.882e-09
1.811e-09
1.742e-09
1.675e-09
1.612e-09
1.550e-09
1.491e-09
1.434e-09
1.380e-09
1.327e-09
1.277e-09
1.228e-09
1.181e-09
1.137e-09
1.093e-09
1.052e-09
1.012e-09
9.731e-10
9.361e-10
9.005e-10
8.662e-10
8.332e-10
8.015e-10
7.710e-10
7.417e-10
7.134e-10
6.863e-10
6.602e-10
6.350e-10
6.109e-10
5.876e-10
5.652e-10
5.437e-10
5.230e-10
5.031e-10
4.840e-10
4.656e-10
4.478e-10
4.308e-10
4.144e-10
3.986e-10
3.835e-10
3.689e-10
3.548e-10
3.413e-10
3.283e-10
3.158e-10
3.038e-10
2.922e-10
2.811e-10
2.704e-10
2.601e-10
2.502e-10
2.407e-10
2.315e-10
2.227e-10
2.143e-10
2.061e-10
1.983e-10
1.907e-10
1.835e-10
1.765e-10
1.698e-10
1.633e-10
1.571e-10
1.511e-10
1.453e-10
1.398e-10
1.345e-10
1.294e-10
1.245e-10
1.197e-10
1.152e-10
1.108e-10
1.066e-10
1.025e-10
9.860e-11
Use 398iteration
Elipsed time:1.480e-01
