64.66033437755868
24.57722420454229
12.174819104626295
7.468608148437852
5.3149464064445056
4.142492374943686
3.405994645465398
2.8926147787824448
2.5088405845253874
2.208437714691172
1.965881686497596
1.7656873938067292
1.5977310227081034
1.455008199058284
1.3324630606130086
1.2263270895327878
1.1337201475598704
1.0523963311243278
0.9805749204351741
0.9168239806404017
0.8599779484957253
0.8090779235462833
0.7633275631815195
0.7220599566444434
0.6847123804091098
0.6508068092134636
0.619934694172116
0.5917449470325664
0.5659343622282904
0.5422399129747646
0.5204325023660203
0.5003118546519545
0.4817023078121565
0.46444932427948515
0.4484165786052472
0.43348351158056175
0.4195432647338748
0.4065009265068511
0.39427203581544745
0.38278129942955275
0.37196148780640215
0.36175248087420186
0.3521004405574786
0.3429570904445427
0.3342790872538899
0.3260274705662596
0.3181671798447496
0.31066662969533354
0.30349733534967527
0.2966335818000516
0.2900521311803459
0.2837319631544233
0.27765404461206344
0.27180112483802077
0.2661575532347342
0.2607091167719773
0.2554428951225418
0.2503471310410532
0.24541111474172794
0.2406250802669092
0.2359801126694947
0.23146806503064
0.22708148379751947
0.22281354191545688
0.21865797870486858
0.21460904596824548
0.21066145928853075
0.20681035450434138
0.20305124829610577
0.19938000283946167
0.19579279387289716
0.19228608193225227
0.18885658647377568
0.18550126237096265
0.18221727886884764
0.17900200046824466
0.17585296965808084
0.1727678913393902
0.16974461872814572
0.1667811405932298
0.16387556967856654
0.16102613223847584
0.15823115860803227
0.15548907449192484
0.15279839324648492
0.15015770879654156
0.14756568911070644
0.14502107047155732
0.14252265207505843
0.14006929122842848
0.1376598989500053
0.13529343587470066
0.1329689087906445
0.13068536708487954
0.12844189980023657
0.12623763289229828
0.12407172658640775
0.12194337317123427
0.11985179473595053
0.11779624131122546
0.1157759891339083
0.11379033876801259
0.11183861393510597
0.10992015983174497
0.10803434203626239
0.1061805452718545
0.10435817228972155
0.10256664299413387
0.10080539331647742
0.09907387463317718
0.0973715527143213
0.09569790715977433
0.09405243071341829
0.0924346285592037
0.09084401775544393
0.08928012683463749
0.08774249504858744
0.08623067213011382
0.08474421776918462
0.08328270114543557
0.08184570065168373
0.08043280350648274
0.07904360534303123
0.0776777100545587
0.07633472931411234
0.07501428247996955
0.07371599621910718
0.07243950428528478
0.07118444732077478
0.06995047265081666
0.06873723403805343
0.06754439146970981
0.06637161108665168
0.06521856488689082
0.06408493065828225
0.06297039176388353
0.06187463696733175
0.06079736043830053
0.05973826147419459
0.05869704438737244
0.057673418492413475
0.05666709785509738
0.05567780133060296
0.05470525226337486
0.053749178605357883
0.05280931266133848
0.051885391056202934
0.05097715467491071
0.05008434848423349
0.049206721558221034
0.048344026965423836
0.04749602160700306
0.04666246632041293
0.045843125615647295
0.04503776773708523
0.04424616457617958
0.043468091544127674
0.04270332760825113
0.041951655148295686
0.04121285990731849
0.04048673101715394
0.03977306085471355
0.03907164498377824
0.03838228222957696
0.03770477442230913
0.03703892653902585
0.03638454659449053
0.03574144549202174
0.0351094371308136
0.03448833829497744
0.03387796859169612
0.03327815040756832
0.032688708932255395
0.03210947201660019
0.03154027023083472
0.030980936768173706
0.03043130738842592
0.029891220470744884
0.02936051683718688
0.02883903984729841
0.028326635308985715
0.027823151409393176
0.027328438751283102
0.026842350242077373
0.026364741150246118
0.025895468941598665
0.0254343934066128
0.024981376507639652
0.024536282391636632
0.02409897732650279
0.02366932976656244
0.023247210163390264
0.022832491114968434
0.022425047185606672
0.022024754938684055
0.02163149293483002
0.021245141671897727
0.02086558353403234
0.020492702829869813
0.020126385692492477
0.019766520081248018
0.01941299580539635
0.0190657043876854
0.018724539169852505
0.018389395172562217
0.01806016911905317
0.01773675944787101
0.017419066201910027
0.017106991099353763
0.01680043739179382
0.016499309998835088
0.01620351530982589
0.01591296133301512
0.015627557508196332
0.015347214806752163
0.015071845666170702
0.014801363942751777
0.014535684917063918
0.014274725321229198
0.014018403195223073
0.013766637983280816
0.01351935045022401
0.013276462676003575
0.013037898053880781
0.012803581241314532
0.012573438149047433
0.012347395957476692
0.012125383000238799
0.011907328911547665
0.011693164418829838
0.011482821428216994
0.011276233060925733
0.011073333465901669
0.010874057987166452
0.010678343001927715
0.010486125995157636
0.010297345514118206
0.01011194112834346
0.009929853436915437
0.009751024061188218
0.009575395597494207
0.009402911653523915
0.009233516766471439
0.009067156428500311
0.008903777055820683
0.008743326015974162
0.008585751533246366
0.008431002763245488
0.00827902968012495
0.008129783167532878
0.007983214951309492
0.007839277537641465
0.007697924333115225
0.00755910944644711
0.0074227878903911915
0.007288915354365599
0.007157448375437525
0.007028344178252155
0.006901560776896076
0.006777056891223765
0.006654791959590511
0.006534726131576463
0.006416820231606835
0.006301035791693721
0.006187335027789231
0.006075680732465116
0.0059660364659066545
0.005858366303073126
0.0057526350719854236
0.005648808095429558
0.005546851391045493
0.005446731522170012
0.005348415679691243
0.005251871578366263
0.005157067540494609
0.0050639724322536495
0.004972555669155554
0.004882787196038407
0.004794637485247222
0.00470807755664282
0.004623078919394175
0.004539613559245481
0.0044576540058187675
0.0043771732725872425
0.004298144769563805
0.0042205424961139215
0.004144340817219927
0.004069514592629275
0.003996039131379803
0.003923890149962972
0.00385304383962648
0.0037834767517779255
0.003715165939865983
0.003648088759291568
0.0035822230711346492
0.0035175470602553105
0.0034540393207862508
0.003391678837942891
0.0033304449516435852
0.0032703173892514315
0.003211276229194482
0.0031533018864138285
0.0030963751651142957
0.0030404771932808217
0.002985589393574628
0.0029316936252143933
0.0028787719456886407
0.002826806818120531
0.0027757809912145603
0.0027256775356363505
0.002676479789442965
0.0026281714235665277
0.002580736409072415
0.002534158966227551
0.002488423608156154
0.0024435151644865982
0.0023994186776690185
0.0023561194975627586
0.002313603246875573
0.0022718557393091032
0.002230863134172978
0.002190611778132734
0.002151088268874446
0.002112279476932599
0.002074172471111524
0.002036754567598109
0.002000013322685845
0.0019639364909380674
0.0019285120870335959
0.001893728276627371
0.0018595735164126381
0.001826036406782805
0.0017931057773239445
0.0017607706831768155
0.0017290203359152656
0.001697844134469051
0.0016672317469783593
0.001637172937989817
0.0016076576848718105
0.0015786761869094335
0.0015502187452511862
0.0015222759120661067
0.001494838361395523
0.0014678969273518305
0.0014414426714211004
0.001415466747857863
0.0013899605055485154
0.0013649154461745638
0.001340323215117678
0.0013161756105546374
0.0012924646016472252
0.0012691822630586103
0.0012463208604458487
0.001223872737682541
0.0012018304314551642
0.001180186596684507
0.0011589339974307222
0.0011380655832908815
0.001117574382078601
0.0010974535434797872
0.0010776963772514137
0.001058296309565776
0.0010392468357167672
0.0010205416565440828
0.0010021745019912487
0.0009841392493399326
0.0009664299050200498
0.0009490405573160388
0.0009319654036517022
0.0009151987833320163
0.0008987350665847771
0.0008825687818898587
0.00086669456504751
0.0008511071009706939
0.0008358012055396102
0.0008207717710320139
0.0008060137970460346
0.0007915223741292721
0.0007772926564939553
0.0007633199111296562
0.0007495995068893535
0.0007361268380918773
0.0007228974391182419
0.0007099068971001543
0.0006971508755668765
0.0006846251617389498
0.0006723255537508521
0.0006602479606954148
0.0006483883607870666
0.0006367428377416218
0.0006253074625419686
0.0006140784735180205
0.0006030521126376698
0.0005922247164562577
0.0005815926851937547
0.0005711524609068874
0.0005609006075246725
0.0005508336853381479
0.0005409483583207475
0.0005312413322826615
0.0005217093894316349
0.0005123493356222752
0.0005031581040384481
0.0004941325860272627
0.0004852698311879067
0.0004765668509207899
0.00046802079123153817
0.00045962877811689395
0.00045138804307498503
0.0004432958503457485
0.0004353494932729518
0.0004275463525118539
0.0004198838232696289
0.0004123593880649423
0.0004049705094075762
0.0003977147407567827
0.0003905897137883585
0.00038359301106538624
0.00037672234793717507
0.00036997543065808713
0.00036335001277620904
0.00035684390968526714
0.00035045497861574404
0.0003441810513322707
0.00033802010148065165
0.0003319700372230727
0.00032602889950794633
0.0003201946874469286
0.00031446549473912455
0.00030883938234183006
0.00030331452580867335
0.0002978890734084416
0.00029256122979859356
0.00028732925056829117
0.00028219137493579183
0.0002771459039649926
0.0002721911951084621
0.00026732558944786433
0.0002625474771775771
0.0002578552721388405
0.000253247439104598
0.00024872242647688836
0.0002442787808831781
0.00023991498892428353
0.00023562963178846985
0.00023142127247410826
0.00022728855765308253
0.00022323008306557313
0.00021924453358224127
0.00021533057042688597
0.00021148691484995652
0.00020771230992977507
0.00020400548237375915
0.00020036521164001897
0.00019679033175634686
0.0001932796058099484
0.00018983192603627685
0.00018644613919605035
0.00018312110660190228
0.00017985576050705276
0.00017664901497482788
0.00017349980407743715
0.00017040709826687817
0.00016736988254706375
0.00016438714374089614
0.0001614579050510656
0.0001585812078701565
0.00015575609904772136
0.00015298164180421736
0.00015025693028292153
0.00014758107136003673
0.00014495318464469165
0.00014237238974601496
0.00013983784992888104
0.00013734873937210068
0.00013490424134943169
0.0001325035063928226
0.0001301458032685332
0.00012783034071617294
0.00012555632201838307
0.00012332306687312666
0.00012112977310607675
0.00011897576769115403
0.00011686032667057589
0.00011478274427645374
0.00011274236749159172
0.00011073849964304827
0.00010877050044655334
0.00010683770051400643
0.00010493949048395734
0.00010307525371899828
0.00010124435721081682
9.944619159796275e-05
Largest EigenValue: 9598.531221380188
Iterations: 494
Elapsed time: 3.03125seconds
