110.76267029899645
41.63785323464981
19.85011128471706
11.55275546950179
7.770566846045767
5.734644844347713
4.479482356389781
3.625773321300585
3.0052245198658056
2.5336530071199377
2.164117207281379
1.8679898737173062
1.6265715085701231
1.427009894308867
1.260131873885257
1.1191992777457926
0.9991489072854165
0.8961047860957478
0.8070529127744521
0.7296177204061678
0.6619046280102339
0.6023868461088568
0.549822547376607
0.5031933040227159
0.46165768680293695
0.42451584392438235
0.39118214558220643
0.3611638308993861
0.3340441762102273
0.3094691079350014
0.28713646712640184
0.2667873362715909
0.2481989842508483
0.23117909242864698
0.2155610029694799
0.20119978889124468
0.18796898908476578
0.17575788484464283
0.16446921968054085
0.15401728396318504
0.14432630107148725
0.1353290637034661
0.12696577852693736
0.11918308494568919
0.11193321966857184
0.10517330380025669
0.09886473301958176
0.09297265493478335
0.08746551982949313
0.08231469394013402
0.07749412554767332
0.07298005602569901
0.06875076927099144
0.06478637380314467
0.06106861271291564
0.0575806976576132
0.054307163272824255
0.051233739253802923
0.048347237572670565
0.045635452906935825
0.04308707422751468
0.040691606347536435
0.038439299911260605
0.036321088828117354
0.034328534224187024
0.03245377397615812
0.030689477294799872
0.02902880368674232
0.027465365685202414
0.025993195105911582
0.024606712302556843
0.023300698016100796
0.022070267788876663
0.020910848417770467
0.01981815635372186
0.018788177891110536
0.017817150814153138
0.016901547543966444
0.01603805960257887
0.015223583088300074
0.014455205360718537
0.013730192629736848
0.013045978415902937
0.012400152867485303
0.01179045281787694
0.011214752415980911
0.010671054591512075
0.010157482918657479
0.00967227408546023
Largest EigenValue: 9582.919745743702
Iterations: 90
Elapsed time: 1.875seconds
