45.46116603488372
18.758333138204762
10.434745615850261
7.21300638520006
5.691059531198334
4.828792058959152
4.262890482474177
3.849832041481932
3.52571125396571
3.258656997079015
3.0310907052225957
2.8324712436424306
2.656042807891936
2.4972427946740936
2.352857626548939
2.220543732873921
2.098540310651515
1.9854893286483275
1.8803186747936707
1.782164058962735
1.6903155145482742
1.6041799511840509
1.5232544296832202
1.4471067472095456
1.3753610984749685
1.3076873206864548
1.2437927072678576
1.1834156902186805
1.1263208990440035
1.0722952476044156
1.0211447973342729
0.9726922137488145
0.9267746816585714
0.8832421782535675
0.841956029062203
0.8027876891701453
0.7656177057524474
0.7303348280001956
0.6968352378316922
0.6650218805389159
0.6348038785381505
0.6060960152681218
0.5788182780106581
0.5528954512774362
0.5282567533267866
0.504835509824261
0.48256886001217936
0.46139749078065506
0.44126539534772746
0.42211965381102345
0.403910232547787
0.3865898006479256
0.37011356142829754
0.3544390972729161
0.33952622669312404
0.3253368718887941
0.3118349363685411
0.29898619111008884
0.28675816885515815
0.2751200654747663
0.2640426480447786
0.2534981689568667
0.24346028533545905
0.2339039838370809
0.22480550974250946
0.2161423005964025
0.20789292363406275
0.20003701699897647
0.1925552342854644
0.1854291921827098
0.17864142116923176
0.17217531893948035
0.16601510619693727
0.1601457851302257
0.15455309993194533
0.14922349936750834
0.14414410162316926
0.13930266056740948
0.13468753420602297
0.13028765437775292
0.1260924983143923
0.1220920615378418
0.11827683197952865
0.11463776582604623
0.11116626407965668
0.10785415072314208
0.10469365174503764
0.10167737524170661
0.09879829265264561
0.09604972073611862
0.09342530461071874
0.09091900148268905
0.08852506539005844
0.0862380324597325
0.08405270709044999
0.08196414870508306
0.0799676591905154
0.07805877108694403
0.0762332359499851
0.07448701394423551
0.0728162632767635
0.07121733064013824
0.06968674180279777
0.0682211929542973
0.06681754219607683
0.06547280165250413
0.0641841298147483
0.06294882451038575
0.061764315842083306
0.06062815983204928
0.059538032222917536
0.05849172246962553
0.05748712836430059
0.05652225048470427
0.055595187293874915
0.05470413029433985
0.05384735942607222
0.053023238771856995
0.05223021237907233
0.051466800359776244
0.05073159511266567
0.05002325787427253
0.0493405152556079
0.048682155982533004
0.048047028018118
0.04743403547581693
0.0468421359819331
0.046270338008980616
0.04571769836547901
0.045183319845818914
0.04466634900018107
0.0441659739244642
0.0436814222830435
0.04321195934971911
0.042756886143251904
0.04231553773388441
0.04188728147710208
0.041471515545708826
0.04106766737459111
0.040675192161870655
0.04029357160834479
0.03992231257871026
0.039560945913763135
0.03920902511708846
0.03886612543647061
0.03853184267427423
0.03820579223065579
0.03788760810857639
0.03757694207706663
0.03727346273626608
0.03697685467159317
0.03668681779890903
0.036403066476850654
0.03612532885017572
0.035853346256772056
0.03558687245276815
0.03532567305046541
0.035069525032668025
0.034818216054191
0.034571544027130585
0.03432931657334848
0.03409135057518142
0.03385747164247732
0.033627513899773476
0.03340131927143375
0.033178737341586384
0.032959624908471596
0.03274384557880694
0.03253126952404273
0.03232177306563244
0.0321152384931338
0.031911553645841195
0.03171061177090451
0.03151231114679831
0.031316554895965965
0.03112325078836875
0.03093231086495507
0.030743651474040234
0.03055719281655911
0.030372858926057233
0.03019057736855757
0.030010279167981935
0.029831898589691264
0.02965537298223353
0.0294806426136347
0.02930765061682905
0.029136342707715812
0.028966667157874326
0.028798574699976598
0.02863201833133644
0.028466953184761223
0.028303336524913902
0.028141127619164763
0.02798028751203674
0.027820779168905574
0.027662567161314655
0.027505617696078843
0.027349898609827505
0.02719537907250924
0.027042029734730022
0.02688982259860495
0.026738730857687187
0.026588728995193378
0.026439792525707162
0.026291898193449015
0.026145023673961987
0.025999147679613088
0.02585424983953999
0.02571031075785868
0.025567311726263142
0.025425235004149727
0.025284063587605488
0.025143781156657496
0.025004372117109597
0.024865821544153732
0.02472811520055984
0.02459123931839713
0.024455180837321677
0.024319927191754687
0.0241854663236154
0.024051786665950203
0.02391887719386432
0.023786727229889948
0.023655326573134516
0.023524665462900884
0.023394734467728995
0.023265524563612416
0.023137027043048874
0.02300923355142004
0.022882136086991522
0.022755726882678573
0.022629998517004424
0.022504943795865984
0.022380555818017456
0.022256827949604485
0.022133753725938732
0.022011326980646118
0.0218895417128806
0.02176839216190274
0.02164787272886315
0.021527978025915218
0.02140870278708462
0.02129004204653029
0.021171990823859232
0.02105454443153576
0.020937698256602744
0.020821447818889283
0.02070578881284746
0.02059071703479276
0.020476228404731955
0.020362318953630165
0.02024898481067794
0.020136222206929233
0.020024027515319176
0.0199123971597146
0.019801327636741917
0.019690815563080832
0.019580857662731432
0.019471450656055822
0.01936259140347829
0.019254276799983927
0.0191465038296883
0.01903926953309565
0.01893257099254697
0.01882640538860869
0.018720769900028245
0.018615661809235462
0.018511078422307037
0.01840701711626025
0.018303475249922485
0.01820045033127826
0.018097939790095552
0.01799594120348047
0.017894452110340353
0.017793470113247167
0.017692992847514688
0.017593017992112436
0.017493543227828923
0.017394566279108403
0.017296084921326838
0.017198096935317153
0.017100600107369246
0.01700359226379078
0.016907071318200906
0.01681103506598447
0.016715481473511318
0.01662040843257273
0.016525813874977757
0.01643169574344938
0.016338052082573995
0.016244880789599847
0.016152179949131096
0.016059947538451524
0.015968181622156408
0.015876880221185274
0.015786041434694198
0.01569566333455441
0.015605743998094113
0.015516281535383314
0.015427274060130003
0.015338719718783977
0.015250616605044343
0.015162962898102705
0.015075756766236736
0.014988996328611393
0.014902679811712005
0.014816805349255446
0.014731371180459973
0.014646375479060225
0.014561816446075682
0.014477692328000558
0.014394001309483428
0.014310741642475477
0.014227911580746877
0.014145509319860139
0.014063533142689266
0.013981981313918368
0.013900852072765701
0.013820143685734365
0.013739854433879373
0.013659982596436748
0.013580526474470389
0.013501484327207436
0.013422854457530775
0.013344635164685315
0.013266824777019792
0.01318942158104619
0.013112423879647395
0.013035830001172144
0.012959638301254017
0.012883847050034092
0.012808454617697862
0.012733459339870024
0.012658859524890431
0.0125846535738674
0.012510839762398973
0.012437416495231446
0.01236438211890345
0.01229173497085867
0.012219473444929463
0.012147595914939302
0.012076100689228042
0.012004986227111658
0.011934250873309793
0.01186389297254209
0.011793910967753618
0.011724303230948863
0.011655068137770286
0.011586204122068011
0.011517709544932586
0.011449582849309081
0.01138182240720198
0.011314426657918375
0.011247394011661527
0.011180722865901771
0.01111441168905003
0.011048458867662703
0.01098286284650385
0.010917622064880561
0.010852734938453068
0.010788199953822186
0.01072401548117341
0.01066018005622027
0.010596692054605228
0.010533549990213942
0.010470752285982599
0.010408297399408184
0.010346183851652313
0.010284410031090374
0.01022297446797893
0.010161875648918794
0.01010111201867403
0.010040682051112526
0.009980584280128824
0.009920817174133845
0.009861379225185374
0.009802268950807047
0.009743484828504734
0.009685025379440049
0.009626889110222692
0.009569074560204172
0.009511580194157432
0.009454404596908716
0.009397546238687937
0.009341003680674476
0.00928477546585782
0.009228860104485648
0.00917325613227149
0.009117962154050474
0.00906297664550948
0.009008298204207676
0.008953925365858595
0.008899856708012521
0.008846090780934901
0.008792626160357031
0.008739461454752018
0.008686595134349773
0.008634025913124788
0.008581752292229794
0.008529772907422739
0.008478086292598164
0.008426691094427952
0.008375585926842177
0.008324769331011339
0.008274239969978225
0.0082239964594919
0.008174037395292544
0.008124361387672252
0.008074967083302909
0.00802585312158044
0.007977018132805824
0.007928460738185095
0.007880179571657209
0.007832173349015648
0.007784440627801814
0.007736980129266158
0.007689790492804605
0.007642870397830848
0.007596218471007887
0.007549833426310215
0.007503713932237588
0.007457858675479656
0.007412266319079208
0.007366935569734778
0.007321865128687932
0.007277053660800448
0.0072324999382544775
0.007188202582256054
0.00714416036134935
0.007100372007698752
0.007056836166157154
0.007013551650743466
0.006970517129957443
0.006927731348696398
0.006885193079142482
0.006842901020718273
0.006800853951062891
0.006759050609616679
0.006717489746733918
0.006676170147329685
0.0066350905181025155
0.006594249724003021
0.0065536464517208515
0.0065132795352838
0.006473147721408168
0.006433249813198927
0.0063935845992091345
0.006354150906190625
0.006314947460850817
0.006275973160882131
0.00623722674936289
0.00619870704394998
0.0061604129241459304
0.006122343143942999
0.00608449655919685
0.006046872011211235
0.006009468330375967
0.005972284348899848
0.005935318919000565
0.005898570872886921
0.005862039119165274
0.005825722475492512
0.005789619792267331
0.005753729958087206
0.005718051870644558
0.005682584373062127
0.005647326343023451
0.005612276696410845
0.005577434305450879
0.0055427980587410275
0.005508366881258553
0.0054741396561439615
0.00544011529564159
0.00540629272654769
0.005372670839278726
0.0053392485933727585
0.00530602488470322
0.005272998643704341
0.005240168840828119
0.005207534384680912
0.005175094223886845
0.005142847316164989
0.005110792613777448
0.0050789290598913794
0.005047255650424631
0.005015771315811435
0.004984475042874692
0.00495336580388539
0.004922442603856325
0.004891704369583749
0.004861150169745088
0.004830778931136592
0.004800589678779943
0.004770581395860063
0.004740753131045494
0.004711103843874298
0.0046816325884719845
0.004652338382584276
0.004623220202120137
0.004594277121213963
0.00456550820308621
0.004536912401817972
0.004508488806095556
0.004480236484596389
0.004452154427781352
0.004424241738888668
0.004396497462948901
0.004368920630440698
0.004341510379163083
0.0043142657123098616
0.0042871857458521845
0.00426026953755354
0.004233516196109122
0.0042069247629115125
0.004180494390311651
0.004154224137892015
0.004128113127080724
0.004102160439288127
0.004076365194123355
0.004050726514833514
0.004025243519208743
0.003999915315944236
0.003974741039201035
0.00394971980858827
0.003924850787370815
0.003900133071510936
0.0038755658588343067
0.0038511482380272355
0.003826879390544491
0.003802758477831958
0.003778784641326638
0.003754957042474416
0.003731274877281976
0.003707737268996425
0.003684343459099182
0.003661092550828471
0.003637983774751774
0.0036150163250567857
0.003592189359551412
0.0035695020869752625
0.003546953708791989
0.0035245434501121053
0.003502270465105539
0.0034801340279955184
0.0034581332947709598
0.0034362675232841866
0.003414535920455819
0.003392937696844456
0.00337147214122524
0.003350138422320015
0.003328935797981103
0.0033078635333367856
0.003286920849859598
0.003266106998125906
0.0032454212505399482
0.003224862824936281
0.003204431044650846
0.0031841251020523487
0.0031639443132007727
0.0031438879432243994
0.003123955268165446
0.0031041455276863417
0.0030844580815028166
0.003064892136535491
0.0030454470488621155
0.003026122059964109
0.0030069165004533716
0.002987829679113929
0.00296886083924619
0.0029500093987735454
0.0029312745500646997
0.0029126556728442665
0.0028941521122760605
0.002875763113479479
0.0028574880798259983
0.00283932627280592
0.002821277084876783
0.0028033398193656467
0.002785513830531272
0.0027677984508045483
0.0027501930399012053
0.0027326969375280896
0.0027153094924869947
0.0026980300917784916
0.002680858062376501
0.002663792791281594
0.0026468336309335427
0.0026299799646949396
0.00261323116501444
0.002596586580693838
0.0025800456623983337
0.0025636077116359957
0.0025472721717960667
0.002531038417146192
0.0025149058419629
0.0024988738405227195
0.0024829418089211686
0.0024671091723575955
0.0024513753141945926
0.0024357396741834236
0.0024202016174967866
0.0024047606148087652
0.002389416042205994
0.0023741673576296307
0.002359013960813172
0.0023439553078787867
0.0023289907912840135
0.0023141198907978833
0.002299342017067829
0.0022846566134830937
0.00227006315253675
0.002255561035781284
0.0022411497393477475
0.002226828741186182
0.002212597450125031
0.0021984553586662514
0.0021844019120180747
0.0021704365954064997
0.0021565588758676313
0.0021427681822387967
0.002129064050677698
0.0021154459136596415
0.0021019132964283926
0.0020884656132693635
0.002075102431263076
0.002061823181065847
0.002048627355179633
0.0020355144970380934
0.0020224840609444072
0.0020095355721423402
0.001996668497667997
0.0019838823882309953
0.0019711767290573334
0.0019585510181059362
0.0019460048097243998
0.0019335375764057972
0.0019211488815926714
0.0019088381941401167
0.0018966051011375384
0.0018844490878109355
0.0018723696884990204
0.001860366428445559
0.0018484389001969248
0.0018365865762461908
0.001824809014578932
0.0018131057822756702
0.0018014764118561288
0.0017899204285640735
0.0017784374322218355
0.0017670269171503605
0.001755688501361874
0.001744421708281152
0.0017332260940747801
0.0017221012531081215
0.0017110467142629204
0.0017000620609906036
0.0016891468949324917
0.001678300766798202
0.0016675232091074577
0.0016568138998991344
0.0016461723134852946
0.001635598106076941
0.001625090842935606
0.0016146501038747374
0.0016042754887166666
0.0015939665954647353
0.001583722989380476
0.0015735443212179234
0.001563430134410737
0.0015533800888078986
0.0015433937278430676
0.0015334707004512893
0.0015236106319207465
0.0015138130711420672
0.001504077674326254
0.0014944040703994688
0.0014847918537270743
0.0014752406441402854
0.0014657500705652637
0.001456319761928171
0.0014469493471551687
0.0014376384406205034
0.0014283866985351779
0.001419193727997481
0.0014100591706665
0.0014009826973051531
0.0013919639077357715
0.001383002445436432
0.0013740979811700527
0.0013652501638716785
0.0013564586024585878
0.0013477229895215714
0.0013390429321589181
0.0013304181393323233
0.0013218482527008746
0.001313332884819829
0.0013048717555648182
0.0012964644956809934
0.0012881107850262197
0.001279810281630489
0.0012715626526187407
0.0012633675778488396
0.0012552247280837037
0.0012471337668102933
0.00123909438480041
0.0012311062455410138
0.001223169056174811
0.0012152824692748254
0.0012074461701558903
0.001199659876874648
0.0011919232510990696
0.0011842359799629776
0.0011765977851609932
0.001169008308352204
0.0011614672894211253
0.0011539744245965267
0.001146529393736273
0.0011391318857931765
0.0011317816424707416
0.001124478332712897
0.0011172216745762853
0.0011100113988504745
0.001102847178117372
0.0010957287358905887
0.001088655813873629
0.001081628077372443
0.001074645286280429
0.0010677071386453463
0.0010608133434288902
0.0010539636496105231
0.0010471577588759828
0.0010403954202047316
0.0010336763280065497
0.0010270002258039312
0.0010203668625763385
0.0010137759272765834
0.0010072271907120012
0.0010007204000430647
0.0009942552205757238
0.0009878314740490168
0.0009814488385018194
0.0009751071047503501
0.000968805961747421
0.0009625452021282399
0.00095632454213046
0.0009501437452854589
0.0009440025478397729
0.0009379007260577055
0.0009318379852629732
0.0009258141235477524
0.000919828884434537
0.0009138820023508742
0.0009079732553800568
0.0009021024070534622
0.0008962692154454999
0.0008904734277166426
0.0008847148110362468
0.0008789931489445735
0.0008733082195249153
0.0008676597353769466
0.0008620475109637482
0.0008564713134546764
0.0008509308863722254
0.0008454260587313911
0.0008399565376748797
0.0008345221485797083
0.0008291226549772546
0.00082375783858879
0.0008184274774976075
0.0008131313552439678
0.0008078692189883441
0.0008026409359445097
0.000797446236902033
0.0007922848853922915
0.0007871567340771435
0.0007820615192031255
0.0007769990661472548
0.0007719691402598983
0.0007669715505471686
0.0007620060878252843
0.0007570725774712628
0.0007521707520936616
0.0007473004698113073
0.0007424615032505244
0.0007376536759693408
0.0007328767333092401
0.0007281305770447943
0.000723414916137699
0.0007187296032498125
0.0007140744437492685
0.0007094492320902646
0.0007048537845548708
0.0007002879428910092
0.0006957514378882479
0.0006912441858730745
0.0006867659121780889
0.000682316507663927
0.000677895734042977
0.000673503416692256
0.0006691393937217072
0.0006648034741374431
0.0006604954760405235
0.0006562152393598808
0.0006519625785585959
0.0006477372971858131
0.0006435392388084438
0.0006393682615453145
0.000635224121651845
0.0006311067027127137
0.0006270158155530225
0.000622951300101704
0.0006189129926497117
0.0006149006912892219
0.0006109142741479445
0.0006069535447750241
0.0006030183740222128
0.0005991085563437082
0.0005952239680482307
0.0005913644108659355
0.0005875297556485748
0.0005837198405060917
0.0005799344871775247
0.0005761735592386685
0.0005724368784285616
0.0005687243356078397
0.0005650357252307003
0.0005613709072349593
0.0005577297579293372
0.0005541120954148937
0.0005505177814484341
0.0005469466632348485
0.0005433986043499317
0.0005398734301707009
0.0005363710151868872
0.0005328912320692325
0.0005294339061947539
0.0005259988811303629
0.0005225860604696209
0.000519195273227524
0.0005158263593330048
0.0005124792496644659
0.0005091537168482319
0.0005058496681158431
0.0005025669815950096
0.0004993054863007274
0.0004960650549037382
0.0004928455673507415
0.0004896468853985425
0.00048646887444192544
0.00048331137440982275
0.00048017427980084904
0.0004770574905705871
0.0004739608157251496
0.0004708841570391087
0.0004678273962781532
0.00046479038428515196
0.00046177301555871964
0.0004587751409417251
0.0004557966494758148
0.00045283739927981514
0.0004498973194131395
0.0004469762152439216
0.000444074021288543
0.00044119058293290436
0.00043832579285663087
0.0004354795346444007
0.0004326516791479662
0.000429842120865942
0.00042705072337412275
0.00042427740481798537
0.0004215219978505047
0.00041878444426401984
0.00041606456761655863
0.0004133623369853012
0.0004106775413674768
0.0004080101425643079
0.00040536000051361043
0.0004027270151709672
0.00040011104465520475
0.00039751203075866215
0.0003949298243242083
0.00039236432530742604
0.0003898154609487392
0.00038728305480617564
0.0003847670686809579
0.0003822673679678701
0.0003797838326136116
0.0003773163971345639
0.0003748649214685429
0.00037242933103698306
0.0003700095130625414
0.0003676053383969702
0.0003652167561085662
0.00036284364796301816
0.00036048588117409963
0.0003581434084480861
0.00035581609881774057
0.0003535038522386458
0.0003512066050461726
0.00034892421899712645
0.0003466566322458675
0.0003444037174631376
0.00034216542371723335
0.00033994160367001314
0.00033773220457078423
0.00033553712273715064
0.00033335625994368456
0.00033118952887889463
0.0003290368404123001
0.0003268980963184731
0.00032477320928592235
0.00032266210837406106
0.00032056467898655683
0.0003184808374498971
0.0003164105291943997
0.0003143535959679866
0.00031231001958076376
0.00031027970726427156
0.00030826252077531535
0.0003062584455619799
0.0003042673361051129
0.00030228914874896873
0.00030032379072508775
0.00029837114379915874
0.0002964312079711817
0.0002945038013422163
0.00029258892936923075
0.00029068646108498797
0.00028879633100586943
0.00028691844818240497
0.00028505275258794427
0.00028319915691099595
0.0002813575847540051
0.0002795279615384061
0.0002777101763058454
0.00027590422359935474
0.00027410995062382426
0.00027232734828430694
0.0002705562783376081
0.0002687967153178761
0.0002670485591806937
0.00026531176263233647
0.00026358620380051434
0.0002618718772282591
0.00026016862648248207
0.00025847646793408785
0.0002567952760728076
0.0002551249799580546
0.0002534655450290302
0.00025181687487929594
0.0002501788731024135
0.00024855153424141463
0.00024693475097592454
0.0002453284560033353
0.0002437325874780072
0.00024214706718339585
0.00024057183691184036
0.00023900685118860565
0.00023745202088321093
0.00023590726777911186
0.00023437255185854156
0.00023284778762899805
0.00023133293143473566
0.00022982792143011466
0.00022833264483779203
0.00022684712166665122
0.00022537120094057173
0.00022390489175450057
0.00022244807587412652
0.0002210007696703542
0.00021956281307211611
0.00021813420062244404
0.00021671487411367707
0.00021530476806219667
0.0002139038042514585
0.00021251194812066387
0.00021112913782417309
0.00020975530060241
0.00020839038552367128
0.00020703433438029606
0.00020568707259371877
0.000204348589250003
0.00020301879158068914
0.0002016976177401375
0.00020038506045239046
0.00019908098693122156
0.0001977854062715778
0.00019649823298095725
0.00019521943795552943
0.00019394891751289833
0.00019268669893790502
0.000191432631254429
0.0001901867326523643
0.00018894892855314538
0.00018771916620607954
0.0001864974110503681
0.00018528355758462567
0.00018407760398986284
0.0001828795029723551
0.00018168918722949456
0.00018050656944978982
0.00017933166600414552
0.00017816440777096432
0.00017700470016279723
0.00017585255045560189
0.00017470789316575974
0.00017357065553369466
0.00017244082664547022
0.0001713183355604997
0.00017020313316606916
0.00016909518490137998
0.00016799443073978182
0.000166900827025529
0.00016581434829276986
0.00016473492360091768
0.00016366250929422677
0.00016259708900179248
0.00016153856631717645
0.0001604869194125058
0.00015944213555485476
0.0001584041237947531
0.00015737287685624324
0.0001563483201607596
0.00015533041005255654
0.00015431915380759165
0.0001533144368295325
0.00015231627548928373
0.00015132461157918442
0.0001503393577877432
0.00014936053048586473
0.00014838808056083508
0.0001474219225201523
0.00014646207819168922
0.00014550845844496507
0.00014456103235716
0.00014361978901433758
0.00014268463564803824
0.0001417555886291666
0.00014083257701713592
0.00013991555533721112
0.00013900451813242398
0.00013809939810016658
0.0001372001424897462
0.0001363067676720675
0.00013541918087867089
0.00013453736937663052
0.00013366129860514775
0.00013279092127049807
0.00013192621190682985
0.00013106712322041858
0.00013021360246057156
0.00012936565508425701
0.00012852322834078223
0.0001276862694794545
0.00012685474575846456
0.0001260286517208442
0.0001252079073310597
0.0001243925198650686
0.00012358243657217827
0.00012277761379664298
0.00012197801333968528
0.00012118364611524157
0.0001203944266308099
0.00011961034397245385
0.00011883135812240653
0.00011805745998572093
0.00011728856406989507
0.0001165246867458336
0.00011576579890970606
0.00011501181688799988
0.00011426274431869388
0.00011351855391694698
0.00011277922567387577
0.00011204466136405244
0.00011131489736726508
0.00011058990821766201
0.00010986960660375189
0.0001091539888875559
0.0001084430350601906
0.00010773672511277255
0.0001070349844667362
0.00010633781857904978
0.0001056451892509358
0.0001049570673785638
0.00010427343477203976
0.00010359423322370276
0.00010291945545759518
0.00010224907055089716
0.00010158305849472526
0.00010092135198647156
0.00010026398558693472
9.96108847175492e-05
9.896202209347393e-05
9.831739589571953e-05
9.767695701157209e-05
9.70406999840634e-05
9.640855023462791e-05
9.578056051395833e-05
9.515662168269046e-05
9.453676102566533e-05
9.392092943016905e-05
9.330909779237118e-05
9.270127520721871e-05
9.209738527715672e-05
9.149743891612161e-05
9.090137609746307e-05
9.030920955410693e-05
8.972090654424392e-05
8.91363979462767e-05
8.855573651089799e-05
8.797882765065879e-05
8.740568409848493e-05
8.683626947458833e-05
8.627055649412796e-05
8.570853424316738e-05
8.515016452292912e-05
8.459542368655093e-05
8.40443026390858e-05
8.349677409569267e-05
8.295280713355169e-05
8.241237446782179e-05
8.187545972759835e-05
8.134205017995555e-05
8.081209671217948e-05
8.028561751416419e-05
7.976253436936531e-05
7.924288001959212e-05
7.87265962571837e-05
7.821370127203409e-05
7.77041004766943e-05
7.719785389781464e-05
7.669489059480838e-05
7.61951923777815e-05
7.56987719796598e-05
7.520554754592013e-05
7.471557364624459e-05
7.422875933116302e-05
7.374514098046347e-05
7.32646385586122e-05
7.278728480741847e-05
7.231305062305182e-05
7.184188689279836e-05
7.137379179766867e-05
7.090874896675814e-05
7.04467274772469e-05
6.998773642408196e-05
6.953169577172957e-05
6.907866736582946e-05
6.862855479994323e-05
6.818139263486955e-05
6.773713175789453e-05
6.729576307407115e-05
6.685727203148417e-05
6.642164044023957e-05
6.59888446534751e-05
6.555887193826493e-05
6.513168045785278e-05
6.470728658314329e-05
6.428566121030599e-05
6.386676795955282e-05
6.345059773593675e-05
6.30371523584472e-05
6.26263972662855e-05
6.22183179075364e-05
6.181289063533768e-05
6.141009544080589e-05
6.1009939599898644e-05
6.061238491383847e-05
6.0217416830710135e-05
5.982502625556663e-05
5.943518226558808e-05
5.904787940380629e-05
5.866310493729543e-05
5.828082976222504e-05
5.7901050240616314e-05
5.75237390876282e-05
5.714889266528189e-05
5.677648186974693e-05
5.640649214910809e-05
5.603892896033358e-05
5.567373045778368e-05
5.5310938478214666e-05
5.4950500270933844e-05
5.4592397646047175e-05
5.423665788839571e-05
5.38832027814351e-05
5.3532066885964014e-05
5.3183208365226164e-05
5.283663085720036e-05
5.249230525805615e-05
5.215023884375114e-05
5.181036794965621e-05
5.147273623151705e-05
5.1137301852577366e-05
5.0804037527996115e-05
5.0472957809688523e-05
5.014402086089831e-05
4.981725032848772e-05
4.949259528075345e-05
4.9170055717695504e-05
4.884959707851522e-05
4.8531255743000656e-05
4.821498441742733e-05
4.790074490301777e-05
4.7588589950464666e-05
4.727845953311771e-05
4.697032636613585e-05
4.666422319132835e-05
4.636008998204488e-05
4.605796129908413e-05
4.575780076265801e-05
4.545959018287249e-05
4.516330409387592e-05
4.486898069444578e-05
4.457655450096354e-05
4.4286030970397405e-05
4.3997411921736784e-05
4.371066279418301e-05
4.342579995864071e-05
4.314276338845957e-05
4.2861594920395873e-05
4.258225089870393e-05
4.230473314237315e-05
4.2029001633636653e-05
4.17550872953143e-05
4.1482950109639205e-05
4.121258098166436e-05
4.094398536835797e-05
4.067713598487899e-05
4.0412021917290986e-05
4.014863407064695e-05
3.9886956074042246e-05
3.9627007936360314e-05
3.936872599297203e-05
3.911213207175024e-05
3.885721707774792e-05
3.860395554511342e-05
3.835236384475138e-05
3.810238013102207e-05
3.785405897360761e-05
3.760732215596363e-05
3.736222060979344e-05
3.711870340339374e-05
3.687676326080691e-05
3.663641837192699e-05
3.639763963292353e-05
3.616039430198725e-05
3.5924707844969817e-05
3.569056389096659e-05
3.5457947888062336e-05
3.52268270944478e-05
3.4997230613953434e-05
3.4769120247801766e-05
3.45424978149822e-05
3.4317345125600696e-05
3.409368946449831e-05
3.38714580720989e-05
3.3650683690211736e-05
3.3431359042879194e-05
3.321345320728142e-05
3.29969625454396e-05
3.278190160926897e-05
3.2568217648076825e-05
3.23559288517572e-05
3.21450406772783e-05
3.193552220182028e-05
3.17273643304361e-05
3.1520563425146975e-05
3.1315121304942295e-05
3.111098340013996e-05
3.09082188323373e-05
3.070673665206414e-05
3.050660961889662e-05
3.0307735869428143e-05
3.0110204534139484e-05
2.9913935577496886e-05
2.9718963560299017e-05
2.952523027488496e-05
2.9332790290936828e-05
2.914159995270893e-05
2.8951633794349618e-05
2.8762930014636368e-05
2.8575430405908264e-05
2.8389189537847415e-05
2.820413101289887e-05
2.8020303943776526e-05
2.7837637389893644e-05
2.765618592093233e-05
2.747592589003034e-05
2.729682637436781e-05
2.7118881916976534e-05
2.6942130716633983e-05
2.676649637578521e-05
2.6592037102091126e-05
2.6418696506880224e-05
2.6246487323078327e-05
2.6075398636749014e-05
2.5905430447892286e-05
2.57365609286353e-05
2.5568815544829704e-05
2.5402119717909954e-05
2.523656985431444e-05
2.5072058633668348e-05
2.4908604245865718e-05
2.4746266717556864e-05
2.4584940547356382e-05
2.442468576191459e-05
2.426548053335864e-05
2.410729393886868e-05
2.3950151444296353e-05
2.379404213570524e-05
2.363892963330727e-05
2.3484855773858726e-05
2.3331747797783464e-05
2.317966936971061e-05
2.302855318703223e-05
2.2878455638419837e-05
2.2729318516212516e-05
2.258114363939967e-05
2.243395647383295e-05
2.2287720639724284e-05
2.2142427042126656e-05
2.1998095689923503e-05
2.185469747928437e-05
2.1712217858294025e-05
2.1570695025729947e-05
2.1430078049888834e-05
2.1290396034601144e-05
2.1151592591195367e-05
2.1013720470364206e-05
2.0876730559393764e-05
2.07406537811039e-05
2.0605446479748935e-05
2.047111775027588e-05
2.0337671230663545e-05
2.0205092368996702e-05
2.0073382984264754e-05
1.994253216253128e-05
1.9812532627838664e-05
1.9683377104229294e-05
1.9555058315745555e-05
1.942758717632387e-05
1.930095095303841e-05
1.917512963700574e-05
1.905011959024705e-05
1.892593536467757e-05
1.8802564227371477e-05
1.8679987988434732e-05
1.855822847574018e-05
1.843724021455273e-05
1.831705230870284e-05
1.8197644749307074e-05
1.807902481232304e-05
1.7961152479983866e-05
1.784407504601404e-05
1.7727747035678476e-05
1.7612179362913594e-05
1.7497373846708797e-05
1.738329228828661e-05
1.7269996533286758e-05
1.7157393813249655e-05
1.7045565982698463e-05
1.6934427549131215e-05
1.682404035818763e-05
1.6714369849069044e-05
1.6605394193902612e-05
1.649715159146581e-05
1.638960384298116e-05
1.62827691383427e-05
1.6176609278772958e-05
1.607116610102821e-05
1.5966399587341584e-05
1.586229700478725e-05
1.5758902009110898e-05
1.5656165487598628e-05
1.5554103811155073e-05
1.5452693332917988e-05
1.5351981346611865e-05
1.525187872175593e-05
1.5152460036915727e-05
1.5053674360387959e-05
1.4955538063077256e-05
1.4858042050036602e-05
1.4761184502276592e-05
1.4664959962829016e-05
1.4569339327863418e-05
1.4474382624030113e-05
1.4380007996805944e-05
1.4286271834862418e-05
1.419312866346445e-05
1.4100600310484879e-05
1.4008681318955496e-05
1.3917353498982266e-05
1.3826631402480416e-05
1.373648046865128e-05
1.3646940715261735e-05
1.3557966667576693e-05
1.346957651549019e-05
1.3381782991928048e-05
1.329452425125055e-05
1.320787487202324e-05
1.3121754818712361e-05
1.3036227755947039e-05
1.2951224562129937e-05
1.2866792530985549e-05
1.278291892958805e-05
1.2699587387032807e-05
1.26167869893834e-05
1.2534532288555056e-05
1.2452821465558372e-05
1.2371639968478121e-05
1.2290987797314301e-05
1.2210857676109299e-05
1.21312423289055e-05
1.2052167221554555e-05
1.1973603250226006e-05
1.1895521311089396e-05
1.1817981430795044e-05
1.174094359157607e-05
1.1664389603538439e-05
1.1588354027480818e-05
1.1512805940583348e-05
1.1437741704867221e-05
1.1363181329215877e-05
1.1289095709798858e-05
1.1215515769436024e-05
1.1142374205519445e-05
1.1069754691561684e-05
1.0997575373039581e-05
1.09258689917624e-05
1.0854650099645369e-05
1.0783887773868628e-05
1.0713580195442773e-05
1.064373464032542e-05
1.0574349289527163e-05
1.0505405953153968e-05
1.0436913726152852e-05
1.0368888979428448e-05
1.0301275324309245e-05
1.0234118235530332e-05
1.0167392247240059e-05
1.010111918731127e-05
1.0035248124040663e-05
9.969844541046768e-06
9.904835678753443e-06
9.840265192906372e-06
9.77610943664331e-06
9.712377504911274e-06
9.649060302763246e-06
9.586156011209823e-06
9.523659173282795e-06
9.461562513024546e-06
9.399876944371499e-06
9.338602467323653e-06
9.277720891986974e-06
9.217235856340267e-06
9.157129170489497e-06
9.09744449018035e-06
9.038134521688335e-06
8.979206540971063e-06
8.920666004996747e-06
8.862512913765386e-06
8.804732715361752e-06
8.747325409785844e-06
8.690296454005875e-06
8.633636753074825e-06
8.577357220929116e-06
8.521450581611134e-06
8.465864084428176e-06
8.410699592786841e-06
8.355838872375898e-06
8.301383786601946e-06
8.247263394878246e-06
8.193483154173009e-06
8.140059435390867e-06
8.087006790447049e-06
8.034283382585272e-06
7.981909220688976e-06
7.929853381938301e-06
7.878152246121317e-06
7.826805813238025e-06
7.775768608553335e-06
7.725080649834126e-06
7.674712833249941e-06
7.624679710716009e-06
7.574970368295908e-06
7.525568435085006e-06
7.476532118744217e-06
7.427766831824556e-06
7.3793526098597795e-06
7.331238521146588e-06
7.283450031536631e-06
7.235950761241838e-06
7.1887752710608765e-06
7.141919923014939e-06
7.095353794284165e-06
7.04908961779438e-06
7.003138307482004e-06
6.957468940527178e-06
6.912123353686184e-06
6.867050615255721e-06
6.822285286034457e-06
6.777810995117761e-06
6.7336150095798075e-06
6.689715519314632e-06
6.646094334428199e-06
6.602787834708579e-06
6.559708708664402e-06
6.5169551817234606e-06
6.474474503193051e-06
6.432257578126155e-06
6.3903189584380016e-06
6.348656825139187e-06
6.307267540250905e-06
6.266145646804944e-06
6.225298420758918e-06
6.184696758282371e-06
6.144391591078602e-06
6.104326530476101e-06
6.064528861315921e-06
6.0249858506722376e-06
5.985708412481472e-06
5.946683813817799e-06
5.9079065977130085e-06
5.8694076869869605e-06
5.831119779031724e-06
5.793113814434037e-06
5.7553388614906e-06
5.717831299989484e-06
5.680542017216794e-06
5.643494660034776e-06
5.606705599348061e-06
5.5701621022308245e-06
5.5338459787890315e-06
5.4977663239696994e-06
5.4619085858576e-06
5.426323696156032e-06
5.3909279813524336e-06
5.355786925065331e-06
5.32085687154904e-06
5.286177838570438e-06
5.251713446341455e-06
5.217472789809108e-06
5.183459506952204e-06
5.14964631292969e-06
5.1160950533812866e-06
5.082729330752045e-06
5.049594619777054e-06
5.016680006519891e-06
4.983950930181891e-06
4.9514728743815795e-06
4.919194907415658e-06
4.8871152102947235e-06
4.8552446969551966e-06
4.82360519526992e-06
4.792142135556787e-06
4.760904630529694e-06
4.729872671305202e-06
4.699035343946889e-06
4.6683726395713165e-06
4.637970050680451e-06
4.607709342963062e-06
4.577683284878731e-06
4.547830030787736e-06
4.5181732275523245e-06
4.488723789108917e-06
4.459459887584671e-06
4.430381522979587e-06
4.4014941522618756e-06
4.37280505138915e-06
4.344292392488569e-06
4.315959813538939e-06
4.287836418370716e-06
4.259865818312392e-06
4.232086212141439e-06
4.204523065709509e-06
4.1770927055040374e-06
4.149867891101167e-06
4.12279405281879e-06
4.095922122360207e-06
4.069224814884365e-06
4.042689397465438e-06
4.016334059997462e-06
3.990151526522823e-06
3.964132702094503e-06
3.9382794057019055e-06
3.912608008249663e-06
3.887103957822546e-06
3.861752702505328e-06
3.83658152713906e-06
3.8115722418297082e-06
3.7867102946620435e-06
3.762032065424137e-06
3.7374884414020926e-06
3.7131285353098065e-06
3.688926881295629e-06
3.6648762034019455e-06
3.6409765016287565e-06
3.61724232789129e-06
3.5936536733061075e-06
3.570215994841419e-06
3.5469547583488747e-06
3.523822670103982e-06
3.500845195958391e-06
3.478018697933294e-06
3.455355908954516e-06
3.432805897318758e-06
3.4104377846233547e-06
3.3882006391650066e-06
3.3661126508377492e-06
3.3441756386309862e-06
3.3223459467990324e-06
3.300710886833258e-06
3.2791758712846786e-06
3.2578082027612254e-06
3.2365514925913885e-06
3.2154584914678708e-06
3.1944928196026012e-06
3.173678123857826e-06
3.152954377583228e-06
3.1324289011536166e-06
3.1119907362153754e-06
3.091701728408225e-06
3.071554601774551e-06
3.0515257094521075e-06
3.0316186894197017e-06
3.011859007528983e-06
2.9922266548965126e-06
2.972707079607062e-06
2.953329385491088e-06
2.934091753559187e-06
2.9149414331186563e-06
2.8959439077880234e-06
2.877064616768621e-06
2.8582981030922383e-06
2.8396734705893323e-06
2.821150701493025e-06
2.8027588996337727e-06
2.784488970064558e-06
2.766333636827767e-06
2.748289261944592e-06
2.73038494924549e-06
2.712569767027162e-06
2.6949001039611176e-06
2.6773159333970398e-06
2.659851816133596e-06
2.642520485096611e-06
2.6253037503920496e-06
2.6081725081894547e-06
2.591172233223915e-06
2.5742756406543776e-06
2.5574936444172636e-06
2.5408207875443622e-06
2.5242406991310418e-06
2.507809767848812e-06
2.491437044227496e-06
2.4752043827902526e-06
2.4590754037490115e-06
2.4430173652945086e-06
2.4270957510452718e-06
2.411285095149651e-06
2.3955544747877866e-06
2.3799384507583454e-06
2.364407919230871e-06
2.3490174498874694e-06
2.333687007194385e-06
2.3184838937595487e-06
2.30334626394324e-06
2.2883414203533903e-06
2.2734238882549107e-06
2.2585973056266084e-06
2.2438653104472905e-06
2.2292570065474138e-06
2.2146978153614327e-06
2.2002677724231035e-06
2.1859250409761444e-06
2.1716696210205555e-06
2.1575142454821616e-06
2.1434407244669273e-06
2.1294690668582916e-06
2.115581082762219e-06
2.1017967810621485e-06
2.0880906959064305e-06
2.074473741231486e-06
2.0609422790585086e-06
2.0475090423133224e-06
2.034168574027717e-06
2.0209008653182536e-06
2.0077313820365816e-06
1.994629201362841e-06
1.981627065106295e-06
1.9687231542775407e-06
1.9558628991944715e-06
1.9431172404438257e-06
1.930451617226936e-06
1.9178569345967844e-06
1.9053695723414421e-06
1.8929440557258204e-06
1.880596755654551e-06
1.8683240341488272e-06
1.8561640899861231e-06
1.8440550775267184e-06
1.8320224626222625e-06
1.8200862541561946e-06
1.8082155293086544e-06
1.7964230210054666e-06
1.7847251001512632e-06
1.773074473021552e-06
1.761514795362018e-06
1.7500387912150472e-06
1.7386300896760076e-06
1.7272741388296708e-06
1.7160364222945645e-06
1.7048350855475292e-06
1.6937265172600746e-06
1.6826852515805513e-06
1.6716967365937307e-06
1.6608028090558946e-06
1.6499816410942003e-06
1.6392295947298408e-06
1.6285248420899734e-06
1.6179346857825294e-06
1.607362719369121e-06
1.5968907973729074e-06
1.5864770830376074e-06
1.5761306713102385e-06
1.565855200169608e-06
1.5556524886051193e-06
1.5454988897545263e-06
1.5354307834059e-06
1.5254263416863978e-06
1.5154637367231771e-06
1.5055884432513267e-06
1.4957804523874074e-06
1.486021574237384e-06
1.4763390936423093e-06
1.4667002687929198e-06
1.457150574424304e-06
1.447646354790777e-06
1.4381967048393562e-06
1.4288307284004986e-06
1.4195138646755368e-06
1.4102624845691025e-06
1.4010620361659676e-06
1.3919343473389745e-06
1.3828448572894558e-06
1.3738408597419038e-06
1.3648732419824228e-06
1.35597656480968e-06
1.3471471902448684e-06
1.3383560144575313e-06
1.3296303222887218e-06
1.320950104855001e-06
1.3123517419444397e-06
1.303798853768967e-06
1.2952914403285831e-06
1.286840415559709e-06
1.2784566933987662e-06
1.2701239029411227e-06
1.2618493201443925e-06
1.2536038411781192e-06
1.2454347597667947e-06
1.2373129720799625e-06
1.2292584870010614e-06
1.2212422006996349e-06
1.213275027112104e-06
1.2053551472490653e-06
1.1975134839303792e-06
1.189695467473939e-06
1.1819356586784124e-06
1.1742322385543957e-06
1.1665833881124854e-06
1.158967279479839e-06
1.15141665446572e-06
1.1439115041866899e-06
1.1364518286427483e-06
1.1290521797491238e-06
1.1216579878237098e-06
1.114367478294298e-06
1.1071115295635536e-06
1.0998664947692305e-06
1.0927215043921024e-06
1.0855874279513955e-06
1.078507921192795e-06
1.071462975232862e-06
1.064501702785492e-06
1.0575513442745432e-06
1.0506555554457009e-06
1.0438052413519472e-06
1.0370022209826857e-06
1.0302410373697057e-06
1.0235180525342003e-06
1.0168405424337834e-06
1.01022123999428e-06
1.0036383173428476e-06
9.970772225642577e-07
Largest EigenValue: 9598.607937449618
Iterations: 1797
Elapsed time: 4.65625seconds
