38.3361392003917
17.604412179536666
10.770322488267993
7.933941714338289
6.499802464270033
5.646672542241504
5.073822611437208
4.6551776527394395
4.33064663204641
4.068076055009442
3.848526492527526
3.6599876153577497
3.494422924995888
3.34624636414992
3.211469703761395
3.0871911166541395
2.9712708140759787
2.8621161121882324
2.758534050104572
2.6596275694737415
2.564720794078312
2.4733043162887043
2.384994568914408
2.2995033134066034
2.216614515707988
2.136166696793225
2.0580393890923006
1.9821427059523558
1.9084092917710223
1.8367881076446793
1.7672396406633197
1.6997322229835845
1.6342392203769123
1.5707369027622917
1.5092028516864957
1.4496147900117649
1.3919497435108497
1.3361834631796228
1.2822900507399027
1.2302417423798033
1.1800088136424165
1.1315595773667155
1.0848604500970396
1.0398760693933582
0.9965694463062391
0.9549021417260519
0.9148344568984612
0.8763256308848213
0.8393340391357924
0.8038173889071913
0.7697329082930082
0.7370375259524735
0.7056880405871198
0.6756412784925487
0.6468542384936882
0.619284224427247
0.5928889645310846
0.5676267185008328
0.5434563721501036
0.5203375204710028
0.4982305395151343
0.47709664777903527
0.4568979578270955
0.4375975188195298
0.4191593506366189
0.4015484702995309
0.38473091153900896
0.3686737377902318
0.3533450496779551
0.33871398723567836
0.32475072774286673
0.3114264794821793
0.2987134717677691
0.2865849422651081
0.2750151214295329
0.26397921461830265
0.25345338239276316
0.24341471940533665
0.23384123151663516
0.2247118122450047
0.21600621831930766
0.20770504451866145
0.19978969824114756
0.19224237372509378
0.18504602617576893
0.17818434596119914
0.17164173295714136
0.165403271021205
0.1594547029471869
0.15378240567042667
0.14837336592790962
0.14321515659685247
0.13829591337525926
0.13360431207547663
0.1291295466671727
0.12486130773322657
0.12078976175325806
0.11690553087100852
0.11319967349845683
0.10966366538195871
0.10628938143599953
0.10306907823542133
0.09999537717158091
0.0970612479668489
0.09425999329687329
0.09158523362930282
0.08903089278283005
0.0865911841228808
0.08426059720113699
0.08203388514084509
0.07990605229497305
0.07787234267198073
0.07592822870901728
0.0740694005817204
0.07229175593056425
0.07059139021475858
0.06896458719893417
0.06740781011649233
0.06591769319857121
0.06449103337945417
0.06312478272229782
0.06181604085031722
0.060562047929124674
0.05936017800559057
0.05820793241400679
0.057102933826172375
0.05604292025236646
0.055025739609845914
0.054049344291343004
0.05311178624833701
0.052211212014299235
0.05134585825180693
0.050514047401520656
0.04971418333116162
0.048944747608402395
0.0482042955882207
0.04749145291134482
0.04680491199178505
0.04614342880631739
0.04550581991497893
0.044890959303302225
0.044297775717495824
0.043725250028728624
0.04317241256467241
0.04263834078665241
0.042122157054109266
0.041623026199886226
0.04114015379673219
0.04067278384900419
0.04022019711737812
0.039781709274393506
0.03935666922006931
0.0389444573338551
0.038544484186786576
0.03815618882072158
0.03777903747504752
0.03741252231702674
0.037056160006613936
0.03670949072329677
0.036372076807310805
0.03604350180103211
0.035723369455809006
0.03541130253870506
0.03510694218311983
0.03480994683013705
0.034519991339038825
0.03423676632701245
0.03395997733423428
0.0336893441126449
0.03342459984560264
0.0331654906985932
0.032911774917010916
0.03266322249328368
0.03241961443382024
0.032180742260607076
0.03194640756373701
0.03171642143570352
0.031490603965721675
0.03126878399962152
0.03105079848501191
0.030836492260277737
0.03062571747068432
0.030418333464695024
0.03021420625373139
0.030013208197487984
0.029815217863870203
0.029620119488754426
0.029427802908685408
0.029238163193440414
0.029051100316792144
0.02886651912922389
0.028684328883173293
0.02850444321120449
0.028326779842245742
0.02815126028872328
0.02797780989385501
0.027806357475128607
0.02763683517696336
0.027469178421597462
0.027303325516186305
0.027139217831063434
0.026976799388648942
0.026816016841621604
0.026656819332856685
0.026499158402657486
0.02634298783232225
0.026188263518633903
0.0260349434465752
0.02588298753471463
0.02573235753334302
0.0255830169935507
0.0254349310635007
0.025288066593930125
0.02514239187257772
0.024997876666020602
0.024854492070517153
0.024712210593861528
0.024571005891630193
0.0244308528071997
0.024291727375384653
0.024153606693289476
0.024016468802074087
0.02388029280518822
0.023745058711938327
0.023610747366547002
0.023477340495446697
0.02334482062178722
0.02321317102359899
0.02308237565557647
0.022952419298235327
0.022823287175924634
0.02269496532244375
0.022567440290004015
0.02244069917287561
0.022314729669233202
0.02218951990471396
0.022065058614316513
0.021941334829534753
0.021818338174853125
0.02169605860581214
0.021574486545432592
0.021453612704135594
0.021333428272555466
0.021213924652329297
0.021095093710755464
0.020976927517040167
0.020859418538748287
0.020742559390782844
0.02062634306275868
0.02051076281350106
0.020395812103743083
0.020281484592487686
0.02016777420976723
0.020054675096616847
0.01994218160143646
0.0198302881908603
0.019718989618922933
0.019608280757893226
0.019498156614645268
0.01938861242888379
0.01927964350034017
0.01917124536339543
0.01906341362882813
0.018956144052935997
0.018849432502975105
0.018743274960797862
0.018637667562870774
0.018532606511143968
0.01842808808578411
0.018324108747037826
0.018220664947875775
0.018117753321348573
0.01801537048231694
0.01791351323663548
0.01781217832103721
0.01771136275056051
0.01761106340745755
0.01751127732495661
0.017412001645425335
0.017313233447566745
0.01721496998652583
0.017117208508352633
0.017019946330037783
0.016923180814046646
0.016826909322844585
0.016731129377149045
0.016635838421279914
0.01654103401415341
0.01644671370377182
0.016352875094526098
0.016259515870842733
0.016166633655302576
0.016074226199634722
0.015982291219188483
0.015890826454779017
0.015799829772731755
0.015709298921137815
0.015619231766322628
0.01552962620917242
0.015440480105098686
0.0153517913986434
0.0152635579888738
0.015175777856711647
0.015088448963069823
0.015001569330706843
0.014915136933268514
0.014829149820798193
0.014743606023330358
0.014658503594546346
0.01457384063542122
0.01448961519599834
0.014405825406356598
0.014322469376566005
0.014239545238524443
0.014157051091387984
0.014074985123443184
0.013993345499329735
0.013912130352764507
0.013831337926603737
0.013750966356383287
0.013671013855855563
0.013591478646048927
0.013512358944353764
0.013433653002721258
0.01335535901307594
0.013277475236463943
0.013199999928474426
0.013122931351972511
0.013046267775280285
0.012970007461262867
0.012894148700070218
0.012818689760024427
0.012743628982207156
0.012668964604017674
0.012594694959261687
0.012520818376287934
0.012447333181626163
0.012374237638141494
0.01230153011783841
0.012229208978169481
0.012157272502008709
0.012085719072274514
0.012014547044600477
0.011943754734602408
0.01187334054884559
0.011803302830230678
0.01173363993257226
0.011664350269711576
0.011595432184549281
0.011526884085469646
0.011458704311735346
0.011390891342671239
0.011323443522996968
0.011256359226536006
0.01118963690714736
0.011123274942292483
0.011057271782192402
0.010991625806127558
0.010926335484327865
0.010861399181521847
0.010796815371577395
0.010732582473792718
0.010668698952940758
0.01060516321194882
0.010541973717408837
0.010479128915903857
0.01041662728312076
0.01035446725836664
0.01029264729731949
0.010231165890218108
0.010170021470912616
0.010109212569659576
0.010048737634861027
0.009988595111281029
0.009928783551004017
0.009869301436992828
0.009810147244934342
0.00975131941777363
0.009692816547612892
0.009634637148337788
0.00957677962287562
0.00951924259061343
0.009462024565436877
0.009405123970282148
0.009348539429993252
0.009292269456636859
0.00923631254954671
0.009180667295368039
0.009125332209805492
0.009070305803106748
0.00901558672376268
0.008961173418356339
0.008907064542654552
0.008853258572344203
0.00879975413045031
0.008746549761781353
0.008693644072991447
0.008641035616165027
0.008588722976128338
0.008536704743164591
0.008484979496643064
0.008433545912339468
0.008382402425922919
0.008331547815032536
0.00828098058264004
0.00823069939360721
0.00818070283276029
0.00813098951948632
0.00808155812046607
0.008032407205973868
0.00798353544814745
0.007934941479106783
0.007886623932790826
0.00783858149588923
0.007790812727762386
0.007743316382402554
0.007696091042816988
0.007649135448446032
0.007602448189572897
0.00755602799654298
0.007509873503295239
0.007463983414709219
0.007418356419293559
0.007372991214651847
0.00732788643654203
0.007283040868060198
0.007238453148602275
0.007194122019427596
0.007150046159949852
0.007106224309609388
0.007062655187837663
0.007019337539531989
0.006976270024097175
0.006933451439181226
0.0068908805296814535
0.00684855597501155
0.006806476580095477
0.006764641091649537
0.0067230482109152945
0.006681696755549638
0.006640585470449878
0.006599713111427263
0.006559078510690597
0.006518680349472561
0.006478517470895895
0.006438588696255465
0.006398892730430816
0.006359428412906709
0.006320194572253968
0.006281189966102829
0.006242413433938054
0.006203863758855732
0.0061655398003495065
0.006127440354248392
0.006089564245485235
0.0060519103299156995
0.006014477421558695
0.005977264370812918
0.005940270004430204
0.0059034932164649945
0.005866932784556411
0.00583058768461342
0.005794456656076363
0.005758538645750377
0.005722832516767085
0.005687337099516299
0.005652051340803155
0.005616974054646562
0.005582104206041549
0.005547440636291867
0.005512982286745682
0.005478727998706745
0.005444676744446042
0.005410827410742058
0.005377178909839131
0.0053437301867234055
0.005310480126354378
0.005277427677356172
0.005244571821094723
0.005211911422520643
0.005179445483008749
0.005147172894794494
0.005115092704727431
0.005083203761387267
0.005051505082519725
0.0050199956276628654
0.004988674398191506
0.004957540308168973
0.0049265923553321045
0.004895829591987422
0.004865250883085537
0.004834855337321642
0.0048046418978628935
0.004774609556989162
0.004744757354274043
0.004715084256531554
0.004685589341534069
0.004656271546991775
0.0046271299815998645
0.00459816360125842
0.004569371492834762
0.0045407526595226955
0.004512306162723689
0.004484031003812561
0.004455926309674396
0.004427991087140981
0.004400224350320059
0.004372625237010652
0.004345192814071197
0.0043179260810575215
0.0042908241630357224
0.004263886154149077
0.004237111101247137
0.0042104981093871174
0.004184046267255326
0.004157754681727965
0.004131622419663472
0.004105648649783689
0.00407983240984322
0.004054172870382899
0.0040286690928041935
0.004003320267656818
0.003978125443609315
0.003953083829401294
0.003928194473701296
0.0039034565998008475
0.0038788692800153513
0.0038544317121704808
0.003830143017694354
0.0038060023634898243
0.0037820088800799567
0.0037581617925752653
0.003734460189662059
0.003710903307364788
0.0036874902525596553
0.003664220299469889
0.003641092558609671
0.0036181062077957904
0.0035952604812337086
0.003572554565835162
0.003549987646692898
0.0035275589070806745
0.003505267606669804
0.003483112903268193
0.0034610940510901855
0.003439210238866508
0.0034174607008026214
0.0033958446838369127
0.0033743613621481927
0.003353010026330594
0.0033317898687528213
0.003310700190922944
0.003289740201580571
0.0032689090894564288
0.0032482062124472577
0.0032276307883876143
0.0032071820551209385
0.0031868592795945005
0.0031666617396695074
0.003146588751405943
0.003126639521724428
0.003106813321210211
0.00308710951685498
0.003067527326493291
0.0030480660407192772
0.0030287250156106893
0.0030095034526311792
0.0029904007315053605
0.0029714161191805033
0.0029525489335355815
0.002933798503363505
0.0029151641010685125
0.0028966450754523976
0.002878240758946049
0.0028599504512385465
0.0028417734920367366
0.002823709231961402
0.0028057569688826334
0.002787916075249086
0.0027701858743967023
0.002752565736955148
0.0027350549753464293
0.0027176529947610106
0.0027003591076208977
0.002683172708202619
0.002666093107109191
0.0026491197349969298
0.00263225193884864
0.0026154890765610617
0.0025988305351347663
0.0025822757143032504
0.0025658239628683077
0.002549474707848276
0.0025332272871310124
0.0025170811532007065
0.00250103566031612
0.0024850902427715482
0.002469244273015647
0.002453497174428776
0.0024378483431064524
0.002422297216980951
0.0024068431921477895
0.002391485695625306
0.002376224134422955
0.002361057970119873
0.002345986586078652
0.002331009465706302
0.002316125972356531
0.0023013356440060306
0.0022866378458274994
0.002272032017572201
0.002257517649923102
0.0022430941771744983
0.002228761046353611
0.002214517728134524
0.00220036366408749
0.0021862983267055824
0.0021723211593780434
0.00215843168371066
0.002144629328540759
0.0021309135536284884
0.002117283891493571
0.0021037397782492917
0.0020902806954836706
0.0020769061502505792
0.0020636156496038893
0.0020504086187429493
0.0020372846265672706
0.002024243127380032
0.002011283595493296
0.0019984056143584894
0.0019856086273648543
0.001972892139747273
0.001960255705853342
0.0019476988236419857
0.001935220980158192
0.0019228217188356211
0.0019105005685560172
0.0018982570381922415
0.0018860906729969429
0.0018740009709290462
0.0018619874826981686
0.0018500497735658428
0.0018381873560429085
0.001826399744459195
0.0018146865077142138
0.0018030472256214125
0.001791481365216896
0.0017799885572458152
0.0017685683160379995
0.0017572201886650873
0.00174594377494941
0.0017347385892207967
0.0017236042349395575
0.0017125402409874368
0.0017015461962728295
0.0016906216933421092
0.0016797662538010627
0.0016689795011188835
0.0016582610078330617
0.0016476103101012995
0.001637027047763695
0.0016265107733488549
0.001616061093955068
0.0016056775602919515
0.0015953598431224236
0.00158510746769025
0.0015749200410937192
0.0015647972013539402
0.0015547384900855832
0.0015447435889655026
0.0015348120559792733
0.0015249434909492265
0.0015151375246205134
0.0015053937731863698
0.0014957118273741798
0.0014860913561278721
0.0014765319610887673
0.0014670332184323343
0.0014575947952835122
0.001448216307835537
0.0014388974159373902
0.0014296376775746467
0.0014204368235368747
0.0014112943918007659
0.0014022101058799308
0.0013931835346738808
0.0013842143616784597
0.0013753022431046702
0.001366446771498886
0.0013576476485468447
0.0013489044922607718
0.001340216977041564
0.0013315847336343722
0.0013230074382590828
0.001314484745307709
0.0013060162928013597
0.0012976018006156664
0.0012892408576590242
0.0012809332038159482
0.0012726784480037168
0.0012644762900890782
0.0012563264081109082
0.0012482284528232412
0.0012401821277308045
0.0012321870799496537
0.001224243025717442
0.001216349630340119
0.001208506557304645
0.0012007135246676626
0.0011929701995541109
0.0011852762872877065
0.0011776314513554098
0.00117003544983163
0.0011624879007285926
0.001154988527559908
0.0011475370447442401
0.00114013314305339
0.0011327765005262336
0.0011254668988840422
0.0011182039579580305
0.001110987413994735
0.001103816983231809
0.0010966923891828628
0.0010896133117057616
0.0010825794979609782
0.0010755906350823352
0.0010686464611353585
0.0010617467014526483
0.0010548910631769104
0.001048079271640745
0.0010413110503577627
0.0010345861228415743
0.0010279042107868008
0.0010212651195615763
0.0010146684417122742
0.0010081140317197423
0.001001601571260835
0.0009951307711162372
0.000988701447568019
0.0009823132622841513
0.0009759660169947892
0.0009696594024717342
0.0009633931840653531
0.0009571671180310659
0.0009509809551673243
0.0009448344244447071
0.0009387272475578357
0.0009326592698926106
0.0009266301585739711
0.0009206397062371252
0.0009146876473096199
0.0009087737525987905
0.0009028978020069189
0.000897059509952669
0.0008912586763472063
0.000885495081092813
0.0008797684040473541
0.0008740785142435925
0.0008684251206432236
0.000862807986777625
0.0008572269489377504
0.0008516816869814647
0.0008461720426566899
0.0008406977667618776
0.0008352586355613312
0.0008298544307763223
0.0008244849377661012
0.0008191499164240668
0.0008138491775753209
0.0008085824574664002
0.0008033496033021947
0.0007981503640621668
0.0007929845269245561
0.0007878518663346767
0.0007827522149455035
0.0007776853381074034
0.0007726510229986161
0.0007676490531594027
0.0007626792867085896
0.0007577414362458512
0.0007528353435191093
0.0007479607993445825
0.0007431176054524258
0.0007383055544778472
0.0007335244790738216
0.0007287741282198112
0.0007240543582156533
0.0007193649598775664
0.0007147057058318751
0.000710076459654374
0.0007054770085233031
0.0007009071323409444
0.0006963666892261244
0.0006918554681760725
0.0006873733091197209
0.000682919973769458
0.0006784953475289512
0.0006740991721017053
0.0006697313328913879
0.0006653916225332068
0.0006610798645851901
0.0006567958680534502
0.0006525394619529834
0.0006483104825747432
0.000644108764390694
0.0006399341182259377
0.0006357863421726506
0.0006316653398243943
0.0006275708365137689
0.0006235027740331134
0.000619460914094816
0.0006154451239126502
0.0006114551852078876
0.0006074909906601533
0.0006035523529135389
0.0005996391319058603
0.0005957511129963677
0.0005918881652178243
0.0005880501648789505
0.0005842368846060708
0.0005804482334497152
0.0005766839858551975
0.0005729440381401218
0.0005692282375093782
0.0005655363729601959
0.0005618683499051258
0.0005582240046351217
0.0005546031443373067
0.0005510057053470518
0.0005474314129969571
0.0005438802709250012
0.0005403519735409645
0.0005368465062929317
0.0005333636418072274
0.0005299032854964025
0.0005264652463665698
0.0005230494316492695
0.0005196556448936462
0.0005162838042451767
0.0005129336950631114
0.0005096052700537257
0.0005062983236712171
0.0005030127413192531
0.0004997483792976709
0.0004965050993632758
0.0004932827960146824
0.0004900812746200245
0.00048690045150578953
0.0004837402157136239
0.00048060033441288397
0.0004774808021466015
0.0004743814224639209
0.0004713020462077111
0.0004682425824285019
0.0004652029001590563
0.0004621828702511266
0.0004591823544615181
0.0004562012691167183
0.0004532393977569882
0.00045029672401142307
0.000447373058705125
0.0004444682926987298
0.0004415823223098414
0.0004387150092952652
0.0004358662372396793
0.00043303589154675137
0.0004302238558011595
0.0004274300044926349
0.00042465423939574976
0.00042189641135337297
0.0004191564330540132
0.00041643417716841213
0.00041372953819518443
0.00041104239426204003
0.0004083726253156783
0.0004057201549585443
0.00040308484676643275
0.00040046658978099003
0.0003978652530349791
0.00039528078741568606
0.0003927130346710328
0.0003901618929376127
0.00038762726580898743
0.0003851090714306338
0.00038260715336946305
0.0003801214315899415
0.00037765181514259893
0.0003751981785171665
0.0003727604380401317
0.00037033847547718324
0.00036793219260289334
0.0003655414930108236
0.0003631662912084721
0.00036080644895264413
0.0003584619043977
0.0003561325247574132
0.00035381826091906987
0.0003515189619065495
0.00034923458042612765
0.0003469649745966308
0.00034471006802050397
0.0003424698134040227
0.00034024402157228906
0.00033803267433540896
0.0003358356498210924
0.0003336528498039115
0.0003314842197141843
0.000329329612213769
0.00032718899456085637
0.00032506222305528354
0.0003229492449463578
0.0003208499838365242
0.00031876429238764104
0.00031669212512497324
0.0003146334074699553
0.0003125880211882759
0.00031055589715833776
0.0003085369462496601
0.00030653108296974096
0.00030453821636911016
0.00030255828096414916
0.0003005911876243772
0.00029863682539144065
0.0002966951360576786
0.0002947660705103772
0.00029284946685947943
0.0002909453214670066
0.0002890535251935944
0.0002871739834517939
0.0002853066398529336
0.0002834514052665327
0.0002816081923810998
0.00027977695572189987
0.00027795756977866404
0.00027614999635261483
0.0002743541517702397
0.0002725699632719625
0.0002707973326323554
0.00026903620891971514
0.00026728651027951855
0.0002655481548572425
0.00026382110445410945
0.00026210521536995657
0.00026040048942377325
0.00025870681020023767
0.00025702415041450877
0.00025535236636642367
0.00025369145259901416
0.00025204130724887364
0.00025040190303116105
0.0002487730889697559
0.00024715487961657345
0.00024554715855629183
0.00024394986758125015
0.0002423629539407557
0.0002407863375992747
0.00023921995125419926
0.00023766374761180487
0.0002361176175327273
0.00023458153555111494
0.00023305543618334923
0.00023153924303187523
0.00023003286878520157
0.0002285362916154554
0.0002270494387630606
0.00022557221745955758
0.00022410460405808408
0.00022264650942815933
0.00022119788809504826
0.00021975869094603695
0.00021832878701388836
0.00021690821813535877
0.0002154968478862429
0.00021409465261967853
0.0002127015613950789
0.00021131750509084668
0.00020994246187910903
0.00020857633899140637
0.00020721906184917316
0.00020587065046129283
0.00020453094839467667
0.00020319997383921873
0.00020187764130241703
0.00020056389075762127
0.00019925868946302217
0.00019796193737420253
0.00019667363267217297
0.00019539369532139972
0.00019412206347624306
0.0001928586934809573
0.00019160353076586034
0.0001903565262182383
0.00018911762526840903
0.00018788677698466927
0.00018666391588340048
0.00018544900376582518
0.00018424198606226128
0.00018304279547010083
0.00018185142107540742
0.00018066776283376385
0.00017949185166798998
0.00017832348567026202
0.00017716279762680642
0.00017600961291464046
0.00017486394426668994
0.00017372568800055888
0.00017259485503018368
0.0001714713616820518
0.00017035518794727977
0.00016924623560043983
0.00016814450827951077
0.00016704993686289527
0.00016596250497968867
0.000164882108947495
0.00016380873785237782
0.00016274235349555966
0.00016168290858331602
0.00016063033581303898
0.0001595846188138239
0.00015854567391215824
0.0001575135138409678
0.00015648804037482478
0.00015546923896181397
0.0001544570695841685
0.00015345147585321683
0.00015245242684613913
0.00015145985344133805
0.00015047373562993016
0.0001494940479460638
0.00014852073763904627
0.000147553711940418
0.00014659301268693525
0.00014563853255822323
0.00014469028246821836
0.0001437481987522915
0.00014281222320278175
0.00014188233217282686
0.00014095849837758578
0.0001400406708853552
0.0001391288278682623
0.0001382228801958263
0.0001373228424199624
0.00013642867088492494
0.00013554028009821195
0.0001346577064396115
0.00013378083167481236
0.00013290970127854962
0.0001320442243013531
0.00013118433889758307
0.00013033009054197464
0.0001294813737331424
0.00012863819756603334
0.00012780049655702896
0.00012696824705926701
0.0001261413963220548
0.00012531993161246646
0.00012450381109374575
0.000123693009300041
0.0001228874534717761
0.0001220871890836861
0.00012129206879762933
0.00012050216901116073
0.00011971736967097968
0.00011893771443283185
0.00011816308870038483
0.00011739355431927834
0.00011662896940833889
0.00011586939581320621
0.00011511474986036774
0.00011436503336881287
0.00011362017357896548
0.00011288016867183615
0.00011214495316380635
0.00011141454706375953
0.00011068891762988642
0.0001099679484468652
0.00010925172136921901
0.00010854012180061545
0.00010783317884488497
0.000107130808828515
0.0001064330372173572
0.0001057397857948672
0.000105051045466098
0.00010436680531711318
0.000103687003502273
0.00010301162546966225
0.00010234063665848225
0.00010167402251681779
0.00010101175394083839
0.00010035377636086196
9.97000934148673e-05
9.905065417115111e-05
9.84054604487028e-05
9.776446131581906e-05
9.712759856483899e-05
9.64949322224129e-05
9.586634405422956e-05
9.524187225906644e-05
9.462145317229442e-05
9.40050813369453e-05
9.339269126940053e-05
9.278432480641641e-05
9.217991100740619e-05
9.15794080356136e-05
9.098281225305982e-05
9.03901436686283e-05
8.980129859992303e-05
8.92162715899758e-05
8.863508446665946e-05
8.80576808413025e-05
8.748400978220161e-05
8.691408584127203e-05
8.634787445771508e-05
8.578535926062614e-05
8.522646749042906e-05
8.467123370792251e-05
8.41196579131065e-05
8.357160731975455e-05
8.302716560137924e-05
8.248624180851039e-05
8.194885958801024e-05
8.141496073221788e-05
8.088455433608033e-05
8.035758946789429e-05
7.983404793776572e-05
7.931393520266283e-05
7.87971857789671e-05
7.828380330465734e-05
7.777378959872294e-05
7.726706462563016e-05
7.676366840314586e-05
7.62635227147257e-05
7.57666421122849e-05
7.527299749199301e-05
7.478258339688182e-05
7.429531797242817e-05
7.381126670225058e-05
7.333035682677291e-05
7.285257743205875e-05
7.237790487124585e-05
7.190631731646135e-05
7.143781294871587e-05
7.097234629327431e-05
7.050991553114727e-05
7.005050974839833e-05
6.959408347029239e-05
6.914062760188244e-05
6.869012213428505e-05
6.824255615356378e-05
6.779791510780342e-05
6.735614078934304e-05
6.691726048302371e-05
6.648122871411033e-05
6.604805639653932e-05
6.561769077961799e-05
6.519012640637811e-05
6.47653614578303e-05
6.434332317439839e-05
6.392408795363735e-05
6.350753938022535e-05
6.309372474788688e-05
6.268260585784446e-05
6.227414633031003e-05
6.186836071719881e-05
6.146523082861677e-05
6.106469299993478e-05
6.066677451599389e-05
6.0271480833762325e-05
5.987872646073811e-05
5.948853322479408e-05
5.910089566896204e-05
5.871575194760226e-05
5.8333167544333264e-05
5.7953016948886216e-05
5.7575389291741885e-05
5.720020089938771e-05
5.682744813384488e-05
5.645713463309221e-05
5.608925494016148e-05
5.572372174356133e-05
5.536059688893147e-05
5.499985854839906e-05
5.464142668643035e-05
5.42853340448346e-05
5.393159881350584e-05
5.35801282239845e-05
5.323098230292089e-05
5.288408283377066e-05
5.253944800642785e-05
5.219708145887125e-05
5.185690133657772e-05
5.151895493327174e-05
5.1183240429963917e-05
5.0849672334152274e-05
5.051829975855071e-05
5.01890572195407e-05
4.986201201973017e-05
4.95370477437973e-05
4.9214213504455984e-05
4.88935020257486e-05
4.857484600506723e-05
4.8258309107040986e-05
4.794379128725268e-05
4.763134347740561e-05
4.732092565973289e-05
4.701252510130871e-05
4.670615817303769e-05
4.640174302039668e-05
4.6099354221951216e-05
4.579892265610397e-05
4.5500442865886725e-05
4.520389484241605e-05
4.490930223255418e-05
4.4616606828640215e-05
4.4325834096525796e-05
4.4036969484295696e-05
4.374994750833139e-05
4.346481364336796e-05
4.31815606134478e-05
4.2900110202026553e-05
4.2620526073733345e-05
4.2342757296864875e-05
4.2066794776474126e-05
4.179260758974124e-05
4.152024666836951e-05
4.1249626519856974e-05
4.0980805351864547e-05
4.0713695852900855e-05
4.0448361687595025e-05
4.01847246394027e-05
3.9922828364069574e-05
3.9662625567871146e-05
3.9404123526765034e-05
3.9147311326814815e-05
3.889214713126421e-05
3.8638676414848305e-05
3.8386839150916785e-05
3.8136658986331895e-05
3.7888094084337354e-05
3.7641151720890775e-05
3.739582098205574e-05
3.7152081858948804e-05
3.690994162752759e-05
3.6669354813057e-05
3.643037416622974e-05
3.619292510848027e-05
3.5957031286670826e-05
3.572265268303454e-05
3.548984932422172e-05
3.525851025187876e-05
3.502870640659239e-05
3.4800401408574544e-05
3.457357524894178e-05
3.434823884163052e-05
3.412433943594806e-05
3.390193887753412e-05
3.368097168277018e-05
3.3461416023783386e-05
3.3243339203181677e-05
3.3026661185431294e-05
3.281138197053224e-05
3.259752338635735e-05
3.23850672430126e-05
3.217396806576289e-05
3.196425677742809e-05
3.175591518811416e-05
3.154892874590587e-05
3.1343279260909185e-05
3.113900493190158e-05
3.0936031180317514e-05
3.073437801504042e-05
3.0534072720911354e-05
3.033501525351312e-05
3.0137300200294703e-05
2.994086935359519e-05
2.9745709980488755e-05
2.955181844299659e-05
2.9359182008192874e-05
2.9167826141929254e-05
2.897769991250243e-05
2.8788830604753457e-05
2.860118001990486e-05
2.841471905412618e-05
2.8229542294866405e-05
2.8045506041962653e-05
2.786271033983212e-05
2.7681093342835084e-05
2.750065686996095e-05
2.732140274019912e-05
2.7143314582644962e-05
2.6966386940330267e-05
2.6790599804371595e-05
2.6615976821631193e-05
2.6442485250299796e-05
2.6270128728356212e-05
2.6098883608938195e-05
2.592876262497157e-05
2.5759756681509316e-05
2.5591823941795155e-05
2.5425004423595965e-05
2.525929630792234e-05
2.509464138711337e-05
2.493105421308428e-05
2.4768545699771494e-05
2.4607092200312763e-05
2.4446691895718686e-05
2.428732841508463e-05
2.412901994830463e-05
2.3971728296601214e-05
2.3815477106836624e-05
2.3660226361243986e-05
2.3506012439611368e-05
2.335276803933084e-05
2.3200551368063316e-05
2.304930421814788e-05
2.289906842634082e-05
2.2749796698917635e-05
2.2601501768804155e-05
2.245417817903217e-05
2.2307789549813606e-05
2.2162381355883554e-05
2.2017913579475135e-05
2.1874393496545963e-05
2.1731813831138425e-05
2.159011819458101e-05
2.1449401174322702e-05
2.1309586372808553e-05
2.11706410482293e-05
2.1032663426012732e-05
2.089556073769927e-05
2.0759334802278318e-05
2.0624016542569734e-05
2.0489562302827835e-05
2.0356012100819498e-05
2.0223316823830828e-05
2.009148374781944e-05
1.9960505596827716e-05
1.9830400560749695e-05
1.9701115888892673e-05
1.9572686142055318e-05
1.944510222529061e-05
1.9318358681630343e-05
1.9192420950275846e-05
1.9067292669205926e-05
1.8942995666293427e-05
1.8819531760527752e-05
1.8696830011322163e-05
1.8574955902295187e-05
1.845386032073293e-05
1.833357418945525e-05
1.8214050214737654e-05
1.809533750929404e-05
1.7977357856580056e-05
1.786014581739437e-05
1.7743755961419083e-05
1.7628060959395953e-05
1.7513153579784557e-05
1.739898834784981e-05
1.7285565263591707e-05
1.7172871594084427e-05
1.7060914615285583e-05
1.6949719793046825e-05
1.683921436779201e-05
1.6729436538298614e-05
1.6620389942545444e-05
1.6512032743776217e-05
1.6404390407842584e-05
1.6297453839797527e-05
1.6191219401662238e-05
1.608566162758507e-05
1.598079143150244e-05
1.587662336532958e-05
1.57731137733208e-05
1.567028448334895e-05
1.5568150047329254e-05
1.546664680063259e-05
1.5365825674962252e-05
1.5265635738614947e-05
1.5166144294198602e-05
1.5067258573253639e-05
1.496904224040918e-05
1.4871453458908945e-05
1.4774494047742337e-05
1.4678200386697426e-05
1.4582494259229861e-05
1.4487441148958169e-05
1.4392988305189647e-05
1.4299159374786541e-05
1.420594344381243e-05
1.4113336874288507e-05
1.4021314200363122e-05
1.3929920896771364e-05
1.383910966978874e-05
1.3748893252341077e-05
1.3659258911502548e-05
1.357021028525196e-05
1.3481749192578718e-05
1.3393855624599382e-05
1.3306529581313953e-05
1.3219789252616465e-05
1.3133607353665866e-05
1.3047992979409173e-05
1.2962915207026526e-05
1.2878424968221225e-05
1.279445132240653e-05
1.2711039744317532e-05
1.2628193871933036e-05
1.254586095456034e-05
1.246406463906169e-05
1.2382815839373507e-05
1.2302079994697124e-05
1.2221875294926576e-05
1.2142218110966496e-05
1.2063064787071198e-05
1.1984382581431419e-05
1.1906291547347791e-05
1.1828647984657437e-05
1.1751553756766953e-05
1.1674939742079005e-05
1.1598800483625382e-05
1.1523216016939841e-05
1.1448075383668765e-05
1.1373449524398893e-05
1.1299289326416329e-05
1.1225638445466757e-05
1.1152455044793896e-05
1.1079739124397747e-05
1.1007516150129959e-05
1.0935755199170671e-05
1.0864459909498692e-05
1.079363028111402e-05
1.0723251762101427e-05
1.0653351637301967e-05
1.0583913535811007e-05
1.0514890163904056e-05
1.0446337910252623e-05
1.0378264050814323e-05
1.03105885500554e-05
1.0243355063721538e-05
1.017658541968558e-05
1.0110248695127666e-05
1.0044335795100778e-05
9.978837624657899e-06
9.913786925608292e-06
9.849152775132097e-06
9.784967915038578e-06
9.721148671815172e-06
9.657784175942652e-06
9.594805305823684e-06
9.532272088108584e-06
9.470106306253001e-06
9.408400728716515e-06
9.34704439714551e-06
9.286088243243285e-06
9.225575922755525e-06
9.165412848233245e-06
9.105673598241992e-06
9.046316336025484e-06
8.987322871689685e-06
8.928733223001473e-06
8.870518286130391e-06
8.812688975012861e-06
8.755236194701865e-06
8.698154488229193e-06
8.641451131552458e-06
8.585115210735239e-06
8.529150363756344e-06
8.473529305774719e-06
8.418293873546645e-06
8.363420420209877e-06
8.308876203955151e-06
8.25471943244338e-06
8.200900992960669e-06
8.147431799443439e-06
8.09432276582811e-06
8.041530236368999e-06
7.98912333266344e-06
7.93704020907171e-06
7.885280865593813e-06
7.833894414943643e-06
7.78279354562983e-06
7.732065569143742e-06
7.681654096813872e-06
7.631582775502466e-06
7.581822501379065e-06
7.532384188380092e-06
7.483280569431372e-06
7.434486178681254e-06
7.386030119960196e-06
7.337890565395355e-06
7.290016583283432e-06
7.2425027610734105e-06
7.195298167061992e-06
7.148377335397527e-06
7.1017639129422605e-06
7.055466994643211e-06
7.009490218479186e-06
6.963766281842254e-06
6.918386134202592e-06
6.8732642830582336e-06
6.8284607550594956e-06
6.783939170418307e-06
6.7397031671134755e-06
6.695776392007247e-06
6.652117008343339e-06
6.608750481973402e-06
6.565667717950419e-06
6.522845069412142e-06
6.4803225541254506e-06
6.43809289613273e-06
6.39609424979426e-06
6.354401193675585e-06
6.312991899903864e-06
6.271815436775796e-06
6.230922735994682e-06
6.190306521602906e-06
6.1499558796640486e-06
6.109852620284073e-06
6.070011295378208e-06
6.030446456861682e-06
5.991132638882846e-06
5.952068022452295e-06
5.913268978474662e-06
5.874713679077104e-06
5.83639666729141e-06
5.79836341785267e-06
5.760548447142355e-06
5.7230008678743616e-06
5.685677024303004e-06
5.648626029142179e-06
5.6117896747309715e-06
5.5752007028786466e-06
5.538848199648783e-06
5.502755811903626e-06
5.466858056024648e-06
5.431224053609185e-06
5.395813786890358e-06
5.360641807783395e-06
5.325684469426051e-06
5.290965418680571e-06
5.256464646663517e-06
5.222209438215941e-06
5.188137947698124e-06
5.154342943569645e-06
5.120704372529872e-06
5.087342287879437e-06
5.054174835095182e-06
5.021212928113528e-06
4.988471118849702e-06
4.955967597197741e-06
4.923645974486135e-06
4.891546268481761e-06
4.859635737375356e-06
4.827981683774851e-06
4.796480425284244e-06
4.765230187331326e-06
4.734150934382342e-06
4.703288141172379e-06
4.67262725578621e-06
4.642166459234431e-06
4.6118839236442e-06
4.581832399708219e-06
4.551951860776171e-06
4.5222786866361275e-06
4.492789230425842e-06
4.463507139007561e-06
4.434388756635599e-06
4.405477739055641e-06
4.376772267278284e-06
4.348232323536649e-06
4.319881554692984e-06
4.2917126847896725e-06
4.2637275328161195e-06
4.235946107655764e-06
4.2083102016476914e-06
4.180892574368045e-06
4.153615009272471e-06
4.126535714021884e-06
4.099649231648073e-06
4.072902811458334e-06
4.0463637560606e-06
4.019977495772764e-06
3.993760401499458e-06
3.9677343011135235e-06
3.9418482629116625e-06
3.916160494554788e-06
3.890627340297215e-06
3.865259714075364e-06
3.84005943487864e-06
3.815021045738831e-06
3.790144546655938e-06
3.7654226616723463e-06
3.740915417438373e-06
3.716482751769945e-06
3.6922720028087497e-06
3.6681885831058025e-06
3.644283424364403e-06
3.620527422754094e-06
3.5969169402960688e-06
3.573457433958538e-06
3.550170731614344e-06
3.5270259104436263e-06
3.5040156944887713e-06
3.4811855584848672e-06
3.4584772947710007e-06
3.435921826167032e-06
3.413537342566997e-06
3.3912729122675955e-06
3.369177647982724e-06
3.347187885083258e-06
3.3253727451665327e-06
3.303690391476266e-06
3.2821590139064938e-06
3.2607586035737768e-06
3.2394909794675186e-06
3.2183870644075796e-06
3.1973886507330462e-06
3.176533937221393e-06
3.155850208713673e-06
3.135259248665534e-06
3.1148229027166963e-06
3.094521161983721e-06
3.0743231036467478e-06
3.054296030313708e-06
3.0343744583660737e-06
3.014578396687284e-06
2.9949460440548137e-06
2.9754173738183454e-06
2.956012394861318e-06
2.936743840109557e-06
2.9176007956266403e-06
2.898561433539726e-06
2.87968032353092e-06
2.860902895918116e-06
2.842241883627139e-06
2.8237118385732174e-06
2.805309122777544e-06
2.7870137273566797e-06
2.7688311092788354e-06
2.7508031053002924e-06
2.7328460419084877e-06
2.715049049584195e-06
2.6973357307724655e-06
2.6797551981871948e-06
2.662271072040312e-06
2.6449379220139235e-06
2.62767389358487e-06
2.610539013403468e-06
2.5935223675332963e-06
2.5766112230485305e-06
2.559818312874995e-06
2.5431345420656726e-06
2.5265526346629485e-06
2.5100598577409983e-06
2.493714418960735e-06
2.477445377735421e-06
2.461300027789548e-06
2.4452492652926594e-06
2.4292967282235622e-06
2.4134787963703275e-06
2.3977336240932345e-06
2.3820939532015473e-06
2.3665761545998976e-06
2.3511365725426003e-06
2.335806129849516e-06
2.320584826520644e-06
2.3054508346831426e-06
2.290409611305222e-06
2.2754957171855494e-06
2.2606564016314223e-06
2.245902578579262e-06
2.2312615328701213e-06
2.2167259885463864e-06
2.202268660767004e-06
2.1878986444789916e-06
2.1736559574492276e-06
2.15946784010157e-06
2.1453979570651427e-06
2.1314044715836644e-06
2.11750011658296e-06
2.1037030819570646e-06
2.0899806258967146e-06
2.076365490211174e-06
2.0628249330911785e-06
2.049377144430764e-06
2.036007572314702e-06
2.022734406637028e-06
2.009552190429531e-06
1.996455466724001e-06
1.9834242266369984e-06
1.970496668945998e-06
1.9576564227463678e-06
1.9448762031970546e-06
1.932221493916586e-06
1.9195995264453813e-06
1.9070994312642142e-06
1.8946630007121712e-06
1.8823047867044806e-06
1.8700411601457745e-06
1.8578321032691747e-06
1.8457249097991735e-06
1.8336959328735247e-06
1.8217324395664036e-06
1.8098726286552846e-06
1.7980564734898508e-06
1.786347638699226e-06
1.7746824596542865e-06
1.763120963005349e-06
1.7516304069431499e-06
1.740194420563057e-06
1.7288821254624054e-06
1.7175825632875785e-06
1.7063812265405431e-06
1.6952617443166673e-06
1.6842113836901262e-06
1.673233782639727e-06
1.6623180272290483e-06
1.6514677554368973e-06
1.6407157090725377e-06
1.6300236893584952e-06
1.6193935152841732e-06
1.608836100785993e-06
1.5983332559699193e-06
1.5879177226452157e-06
1.5775603969814256e-06
1.5672922017984092e-06
1.5570622053928673e-06
1.546914063510485e-06
1.536816853331402e-06
1.526819687569514e-06
1.5168407117016613e-06
1.5069635992404073e-06
1.4971374184824526e-06
1.4873676263960078e-06
1.4776887837797403e-06
1.4680281310575083e-06
1.4584747987100855e-06
1.4489705790765584e-06
1.4395045582205057e-06
1.4301404007710516e-06
1.420794433215633e-06
1.4115521480562165e-06
1.4023316907696426e-06
1.3931894500274211e-06
1.3841126929037273e-06
1.375094143440947e-06
1.3661247066920623e-06
1.3572025636676699e-06
1.3483841030392796e-06
1.3395620044320822e-06
1.3308454072102904e-06
1.322159732808359e-06
1.3135504559613764e-06
1.3049666449660435e-06
1.2964719644514844e-06
1.2880282156402245e-06
1.279619027627632e-06
1.2712789612123743e-06
1.2629916454898193e-06
1.2547588994493708e-06
1.2465625331969932e-06
1.2384389265207574e-06
1.2303880794206634e-06
1.222339051309973e-06
1.2143755157012492e-06
1.2064665497746319e-06
1.1985921446466818e-06
1.190781404147856e-06
1.1830197763629258e-06
1.17529634735547e-06
1.1676438589347526e-06
1.1600313882809132e-06
1.152466211351566e-06
1.1449374142102897e-06
1.13749410957098e-06
1.1300635378574952e-06
1.122698449762538e-06
1.1153915693284944e-06
1.1081046977778897e-06
1.1008869478246197e-06
1.09370012069121e-06
1.0865805961657315e-06
1.0794847185024992e-06
1.072456143447198e-06
1.06545485323295e-06
1.0585208656266332e-06
1.0516178008401766e-06
1.0447456588735804e-06
1.0379535524407402e-06
1.0311632649973035e-06
1.0244675650028512e-06
1.017775502987206e-06
1.0111398296430707e-06
1.0045423550764099e-06
9.979994501918554e-07
9.914820111589506e-07
9.8502823675517e-07
9.785926522454247e-07
9.722280083224177e-07
9.658815542934462e-07
9.595896699465811e-07
9.533396223559976e-07
9.471004887018353e-07
9.409432095708326e-07
9.348041203338653e-07
9.287159628001973e-07
9.226459951605648e-07
9.166269592242315e-07
9.106661309488118e-07
9.04725311556831e-07
8.988190529635176e-07
8.929673640523106e-07
8.871411409927532e-07
8.813585736788809e-07
8.756087481742725e-07
8.699207683093846e-07
8.642164175398648e-07
8.586084732087329e-07
8.529950719093904e-07
8.474398782709613e-07
8.418992365477607e-07
8.364313544007018e-07
8.309743861900643e-07
8.255410648416728e-07
8.20176865090616e-07
8.148144843289629e-07
8.095066732494161e-07
8.042425179155543e-07
7.989747246028855e-07
7.937924237921834e-07
7.885973900556564e-07
7.834605639800429e-07
7.783601176925004e-07
7.732596714049578e-07
7.682410796405748e-07
7.632243068655953e-07
7.582475518574938e-07
7.533144525950775e-07
7.483995432266966e-07
7.435082807205617e-07
7.386715878965333e-07
7.338458090089262e-07
7.29080056771636e-07
7.243088475661352e-07
7.195885700639337e-07
7.148992153815925e-07
7.102407835191116e-07
7.056096364976838e-07
7.01014869264327e-07
6.964419299038127e-07
6.918944563949481e-07
6.873815436847508e-07
6.829013727838174e-07
6.784484867239371e-07
6.740301614627242e-07
6.696354830637574e-07
6.652589945588261e-07
6.60933437757194e-07
6.566133379237726e-07
6.523387128254399e-07
6.480950105469674e-07
6.438567652367055e-07
6.396676326403394e-07
6.35483957012184e-07
6.313439371297136e-07
6.272293830988929e-07
6.231530278455466e-07
6.190693966345862e-07
6.150476110633463e-07
6.110240065027028e-07
6.0706224758178e-07
6.030841177562252e-07
5.991623766021803e-07
5.952388164587319e-07
5.913916538702324e-07
5.875044735148549e-07
5.836936907144263e-07
5.798647180199623e-07
5.761030479334295e-07
5.723504727939144e-07
5.686051736120135e-07
5.648962542181835e-07
5.612328095594421e-07
5.575566319748759e-07
5.539259291253984e-07
5.503206921275705e-07
5.467154551297426e-07
5.431702447822317e-07
5.39608663530089e-07
5.361071089282632e-07
5.326146492734551e-07
5.291294655762613e-07
5.256788426777348e-07
5.222518666414544e-07
5.18864908372052e-07
5.154633981874213e-07
5.121128197060898e-07
5.087640602141619e-07
5.054498615209013e-07
5.021574907004833e-07
4.988814907846972e-07
4.956200427841395e-07
4.924095264868811e-07
4.891844582743943e-07
4.859994078287855e-07
4.828270903090015e-07
4.796820576302707e-07
4.7655703383497894e-07
4.7344292397610843e-07
4.7035791794769466e-07
4.67296558781527e-07
4.642461135517806e-07
4.612193151842803e-07
4.582088877214119e-07
4.552275640890002e-07
4.5226079237181693e-07
4.4930675358045846e-07
4.46372723672539e-07
4.434659786056727e-07
4.405865183798596e-07
4.376979632070288e-07
4.3485488276928663e-07
4.320008883951232e-07
4.2920692067127675e-07
4.2640203901100904e-07
4.236244421917945e-07
4.208504833513871e-07
4.18111085309647e-07
4.153844201937318e-07
4.126886778976768e-07
4.099783836863935e-07
4.0731902117840946e-07
4.046596586704254e-07
4.020203050458804e-07
3.9940096030477434e-07
3.9679980545770377e-07
3.9420956454705447e-07
3.916393325198442e-07
3.8908001442905515e-07
3.865516191581264e-07
3.8403413782361895e-07
3.815202944679186e-07
3.7903919292148203e-07
3.7656172935385257e-07
3.7411700759548694e-07
3.716650098795071e-07
3.6925848689861596e-07
3.668283170554787e-07
3.644490789156407e-07
3.620643838075921e-07
3.597160684876144e-07
3.5736593417823315e-07
3.5503398976288736e-07
3.527275111991912e-07
3.504192136460915e-07
3.481418389128521e-07
3.458608262008056e-07
3.4363256418146193e-07
3.413588274270296e-07
3.3915421226993203e-07
3.3692231227178127e-07
3.347377059981227e-07
3.325476427562535e-07
3.3039214031305164e-07
3.2823481888044626e-07
3.260993253206834e-07
3.2396201277151704e-07
3.218574420316145e-07
3.19756509270519e-07
3.176646714564413e-07
3.156073944410309e-07
3.1354102247860283e-07
3.115019353572279e-07
3.094701241934672e-07
3.0744195100851357e-07
3.054483386222273e-07
3.0345108825713396e-07
3.0146657081786543e-07
2.995129761984572e-07
2.9756483854725957e-07
2.9560760594904423e-07
2.9369584808591753e-07
2.917659003287554e-07
2.898777893278748e-07
2.8798058337997645e-07
2.8610338631551713e-07
2.842371031874791e-07
2.823817339958623e-07
2.805481926770881e-07
2.7871828933712095e-07
2.768920239759609e-07
2.7509304345585406e-07
2.733049768721685e-07
2.715096343308687e-07
2.697470335988328e-07
2.6799716579262167e-07
2.6623820303939283e-07
2.645028871484101e-07
2.627693902468309e-07
2.610722731333226e-07
2.593696990516037e-07
2.576616680016741e-07
2.5599729269742966e-07
2.543220034567639e-07
2.526758180465549e-07
2.5101508072111756e-07
2.4939254217315465e-07
2.4775727069936693e-07
2.461383701302111e-07
2.445231075398624e-07
2.4294968170579523e-07
2.413453330518678e-07
2.3979373509064317e-07
2.3823122319299728e-07
2.3666871129535139e-07
2.3510801838710904e-07
2.3360371415037662e-07
2.3206121113616973e-07
2.3055872588884085e-07
2.2905987862031907e-07
2.275573933729902e-07
2.2607309801969677e-07
2.24594259634614e-07
2.2314088710118085e-07
2.2168387658894062e-07
2.2022868506610394e-07
2.1880623535253108e-07
2.1737469069194049e-07
2.1596133592538536e-07
2.1454070520121604e-07
2.1316009224392474e-07
2.117540134349838e-07
2.1038067643530667e-07
2.0901097741443664e-07
2.0763036445714533e-07
2.0629340724553913e-07
2.049473550869152e-07
2.0360857888590544e-07
2.0229526853654534e-07
2.0095103536732495e-07
1.9965773390140384e-07
1.9834988052025437e-07
1.9705294107552618e-07
1.9578146748244762e-07
1.9448270904831588e-07
1.9323124433867633e-07
1.9198523659724742e-07
1.9071194401476532e-07
1.8946775526273996e-07
1.882435753941536e-07
1.8701211956795305e-07
1.8578975868877023e-07
1.8458013073541224e-07
1.833886926760897e-07
1.8216451280750334e-07
1.809967216104269e-07
1.7980164557229728e-07
1.786520442692563e-07
1.7747879610396922e-07
1.7631464288569987e-07
1.7516686057206243e-07
1.7403363017365336e-07
1.729003997752443e-07
1.717580744298175e-07
1.706430339254439e-07
1.6954618331510574e-07
1.6841113392729312e-07
1.6733429220039397e-07
1.6623380361124873e-07
1.651533239055425e-07
1.6408739611506462e-07
1.6301783034577966e-07
1.6193735064007342e-07
1.6089506971184164e-07
1.5983641787897795e-07
1.5879413695074618e-07
1.5776095096953213e-07
1.5673685993533581e-07
1.5570549294352531e-07
1.5469959180336446e-07
1.5368459571618587e-07
1.5268960851244628e-07
1.516982592875138e-07
1.507032720837742e-07
1.4971010386943817e-07
1.4874967746436596e-07
1.4776560419704765e-07
1.4681063476018608e-07
1.458556653233245e-07
1.4489705790765584e-07
1.4396027836482972e-07
1.4301440387498587e-07
1.4209035725798458e-07
1.4116812963038683e-07
1.4022589311935008e-07
1.3933095033280551e-07
1.3842145563103259e-07
1.3750286598224193e-07
1.3662611308973283e-07
1.3572935131378472e-07
1.3482349459081888e-07
1.339631126029417e-07
1.3309727364685386e-07
1.3221506378613412e-07
1.3136195775587112e-07
1.305088517256081e-07
1.2965028872713447e-07
1.288026396650821e-07
1.2796772352885455e-07
1.2713462638203055e-07
1.263033482246101e-07
1.2547934602480382e-07
1.2465898180380464e-07
1.2385498848743737e-07
1.2304190022405237e-07
1.222215360030532e-07
1.2145392247475684e-07
1.2064992915838957e-07
1.1986412573605776e-07
1.1908196029253304e-07
1.183107087854296e-07
1.1753400031011552e-07
1.1676456779241562e-07
1.1601878213696182e-07
1.152366166934371e-07
1.1449810699559748e-07
1.1375959729775786e-07
1.1299380275886506e-07
1.1228985385969281e-07
1.1153315426781774e-07
1.1081465345341712e-07
1.1009615263901651e-07
1.093776518246159e-07
1.0865551303140819e-07
1.0795884008985013e-07
1.072439772542566e-07
1.0654912330210209e-07
1.0584881238173693e-07
1.051848812494427e-07
1.0446819942444563e-07
1.0379517334513366e-07
1.0312032827641815e-07
1.0244548320770264e-07
1.0179064702242613e-07
1.0112125892192125e-07
1.0044823284260929e-07
9.98061295831576e-08
9.915493137668818e-08
9.850373317021877e-08
9.786162991076708e-08
9.722316463012248e-08
9.659925126470625e-08
9.595351002644747e-08
9.534596756566316e-08
9.470204531680793e-08
9.40981408348307e-08
9.34869603952393e-08
9.287941793445498e-08
9.226641850546002e-08
9.165705705527216e-08
9.107316145673394e-08
9.048017091117799e-08
8.988718036562204e-08
8.92941898200661e-08
8.871029422152787e-08
8.81482264958322e-08
8.755523595027626e-08
8.700226317159832e-08
8.642200555186719e-08
8.585993782617152e-08
8.531060302630067e-08
8.474125934299082e-08
8.418828656431288e-08
8.365896064788103e-08
8.310053090099245e-08
8.254937711171806e-08
8.201641321647912e-08
8.148890628945082e-08
8.096139936242253e-08
8.04247974883765e-08
7.989910955075175e-08
7.937524060253054e-08
7.88659235695377e-08
7.835478754714131e-08
7.78345565777272e-08
7.732523954473436e-08
7.68268364481628e-08
7.632479537278414e-08
7.582093530800194e-08
7.534799806308001e-08
7.483868103008717e-08
7.43439159123227e-08
7.387461664620787e-08
7.338712748605758e-08
7.290691428352147e-08
7.244489097502083e-08
7.195558282546699e-08
7.149537850636989e-08
7.103517418727279e-08
7.054950401652604e-08
7.009293767623603e-08
6.965638021938503e-08
6.919071893207729e-08
6.874142854940146e-08
6.8286681198515e-08
6.785921868868172e-08
6.740083335898817e-08
6.695699994452298e-08
6.651498551946133e-08
6.610389391425997e-08
6.567825039383024e-08
6.52362359687686e-08
6.480331649072468e-08
6.439586286433041e-08
6.396476237569004e-08
6.354821380227804e-08
6.313530320767313e-08
6.272239261306822e-08
6.231493898667395e-08
6.191839929670095e-08
6.149275577627122e-08
6.11107680015266e-08
6.071240932215005e-08
6.030131771694869e-08
5.99247869104147e-08
5.952642823103815e-08
5.91317075304687e-08
5.876427167095244e-08
5.836773198097944e-08
5.7989382185041904e-08
5.7611032389104366e-08
5.722722562495619e-08
5.687616067007184e-08
5.648507794830948e-08
5.6119461078196764e-08
5.5759301176294684e-08
5.539732228498906e-08
5.503170541487634e-08
5.466790753416717e-08
5.433139449451119e-08
5.394940671976656e-08
5.360925570130348e-08
5.32727426616475e-08
5.292531568557024e-08
5.2554241847246885e-08
5.2234099712222815e-08
5.1877577789127827e-08
5.15592546435073e-08
5.1206370699219406e-08
5.0864400691352785e-08
5.0566086429171264e-08
5.0209564506076276e-08
4.990033630747348e-08
4.9560185289010406e-08
4.9230948206968606e-08
4.8928995965979993e-08
4.8594301915727556e-08
4.82905306853354e-08
4.7975845518521965e-08
4.7655703383497894e-08
4.7342837206088006e-08
4.703360900748521e-08
4.6724380808882415e-08
4.643698048312217e-08
4.611320036929101e-08
4.5833076001144946e-08
4.552020982373506e-08
4.522007657214999e-08
4.4932676246389747e-08
4.464891389943659e-08
4.434332367964089e-08
4.406501830089837e-08
4.376488504931331e-08
4.350113158579916e-08
4.3186446418985724e-08
4.2919054976664484e-08
4.264438757672906e-08
4.2364263208583e-08
4.208959580864757e-08
4.1807652451097965e-08
4.153844201937318e-08
4.127468855585903e-08
4.100729711353779e-08
4.0723534766584635e-08
4.046160029247403e-08
4.020330379717052e-08
3.995410224888474e-08
3.967761585954577e-08
3.941204340662807e-08
3.916647983714938e-08
3.891364031005651e-08
3.865716280415654e-08
3.840250428766012e-08
3.815330273937434e-08
3.790228220168501e-08
3.7658537621609867e-08
3.740751708392054e-08
3.716922947205603e-08
3.692912287078798e-08
3.668355930130929e-08
3.64379957318306e-08
3.6219717003405094e-08
3.5974153433926404e-08
3.573950380086899e-08
3.550303517840803e-08
3.5275661502964795e-08
3.502827894408256e-08
3.4822733141481876e-08
3.4586264519020915e-08
3.436070983298123e-08
3.414425009395927e-08
3.3918695407919586e-08
3.368768375366926e-08
3.3471224014647305e-08
3.3251126296818256e-08
3.3045580494217575e-08
3.2825482776388526e-08
3.260902303736657e-08
3.2412572181783617e-08
3.217974153812975e-08
3.197783371433616e-08
3.175591700710356e-08
3.157401806674898e-08
3.134846338070929e-08
3.115019353572279e-08
3.09482857119292e-08
3.074819687753916e-08
3.05317371385172e-08
3.036439011339098e-08
3.013701643794775e-08
2.9946022550575435e-08
2.976412361022085e-08
2.9558577807620168e-08
2.9365764930844307e-08
2.9187503969296813e-08
2.8983777156099677e-08
2.8812792152166367e-08
2.8598151402547956e-08
2.8441718313843012e-08
2.8228896553628147e-08
2.80524545814842e-08
2.7874193619936705e-08
2.769593265838921e-08
2.7504938771016896e-08
2.733213477768004e-08
2.7148416847921908e-08
2.6979250833392143e-08
2.678279997780919e-08
2.6639099814929068e-08
2.644446794874966e-08
2.6289853849448264e-08
2.611523086670786e-08
2.5929693947546184e-08
2.5758708943612874e-08
2.5609551812522113e-08
2.5425833882763982e-08
2.526030584704131e-08
2.5103872758336365e-08
2.4940163712017238e-08
2.477281668689102e-08
2.4612745619378984e-08
2.4463588488288224e-08
2.4292603484354913e-08
2.4137989385053515e-08
2.3972461349330842e-08
2.3823304218240082e-08
2.3668690118938684e-08
2.350861905142665e-08
2.3366737877950072e-08
2.3206666810438037e-08
2.3057509679347277e-08
2.290653355885297e-08
2.2759195417165756e-08
2.2600943339057267e-08
2.246815711259842e-08
2.2308086045086384e-08
2.2166204871609807e-08
2.2026142687536776e-08
2.1878804545849562e-08
2.1740561351180077e-08
2.1591404220089316e-08
2.147135091945529e-08
2.1302184904925525e-08
2.1174855646677315e-08
2.1047526388429105e-08
2.08965502679348e-08
2.0774677977897227e-08
2.0621882867999375e-08
2.0490915630944073e-08
2.035994839388877e-08
2.0243533072061837e-08
2.00834620045498e-08
1.9979779608547688e-08
1.9826984498649836e-08
1.970693119801581e-08
1.9575963960960507e-08
1.9457729649730027e-08
1.932494342327118e-08
1.919761416502297e-08
1.9068465917371213e-08
1.8939317669719458e-08
1.8835635273717344e-08
1.8695573089644313e-08
1.8584614736028016e-08
1.8460923456586897e-08
1.8329956219531596e-08
1.8211721908301115e-08
1.8108039512299e-08
1.7982529243454337e-08
1.7869751900434494e-08
1.774787961039692e-08
1.762964529916644e-08
1.7513229977339506e-08
1.7407728591933846e-08
1.728767529129982e-08
1.7174897948279977e-08
1.7069396562874317e-08
1.6947524272836745e-08
1.684384187683463e-08
1.6745616449043155e-08
1.6614649211987853e-08
1.652369974181056e-08
1.639273250475526e-08
1.6314515960402787e-08
1.6198100638575852e-08
1.608532329555601e-08
1.598345988895744e-08
1.587432052474469e-08
1.5783371054567397e-08
1.5666955732740462e-08
1.5574187273159623e-08
1.547050487715751e-08
1.5372279449366033e-08
1.5263140085153282e-08
1.5179466572590172e-08
1.5055775293149054e-08
1.496482582297176e-08
1.4895704225637019e-08
1.4770193956792355e-08
1.4690158423036337e-08
1.457920006942004e-08
1.4484612620435655e-08
1.4397301129065454e-08
1.4313627616502345e-08
1.4202669262886047e-08
1.4109900803305209e-08
1.4028046280145645e-08
1.3931639841757715e-08
1.3847966329194605e-08
1.3742464943788946e-08
1.3660610420629382e-08
1.3573298929259181e-08
1.3502358342520893e-08
1.3387762010097504e-08
1.3320459402166307e-08
1.3204044080339372e-08
1.3142198440618813e-08
1.3047610991634429e-08
1.2963937479071319e-08
1.2876625987701118e-08
1.2802047422155738e-08
1.2714735930785537e-08
1.2618329492397606e-08
1.2561940820887685e-08
1.2463715393096209e-08
1.2389136827550828e-08
1.2305463314987719e-08
1.2223608791828156e-08
1.2149030226282775e-08
1.2058080756105483e-08
1.1987140169367194e-08
1.1901647667400539e-08
1.183980202767998e-08
1.1761585483327508e-08
1.1666998034343123e-08
1.160697138402611e-08
1.1516021913848817e-08
1.145781425293535e-08
1.1379597708582878e-08
1.129956217482686e-08
1.1214069672860205e-08
1.1166775948368013e-08
1.1083102435804904e-08
1.100124791264534e-08
1.0937583283521235e-08
1.0870280675590038e-08
1.0797521099448204e-08
1.0721123544499278e-08
1.0661096894182265e-08
1.057560439221561e-08
1.052285369951278e-08
1.0455551091581583e-08
1.036460162140429e-08
1.032094587571919e-08
1.0255462257191539e-08
1.017178874462843e-08
1.010994310490787e-08
1.0049916454590857e-08
9.978975867852569e-09
9.911673259921372e-09
9.858922567218542e-09
9.778887033462524e-09
9.720679372549057e-09
9.66247171163559e-09
9.589712135493755e-09
9.536961442790926e-09
9.456925909034908e-09
9.42054612096399e-09
9.347786544822156e-09
9.295035852119327e-09
9.224095265381038e-09
9.16588760446757e-09
9.113136911764741e-09
9.038558346219361e-09
8.998540579341352e-09
8.938513929024339e-09
8.856659405864775e-09
8.827555575408041e-09
8.742063073441386e-09
8.711140253581107e-09
8.64383764564991e-09
8.581992005929351e-09
8.529241313226521e-09
8.469214662909508e-09
8.423739927820861e-09
8.363713277503848e-09
8.318238542415202e-09
8.254573913291097e-09
8.19636625237763e-09
8.150891517288983e-09
8.096321835182607e-09
8.045390131883323e-09
7.989001460373402e-09
7.93261278886348e-09
7.887138053774834e-09
7.841663318686187e-09
7.770722731947899e-09
7.743437890894711e-09
7.683411240577698e-09
7.632479537278414e-09
7.570633897557855e-09
7.541530067101121e-09
7.486960384994745e-09
7.430571713484824e-09
7.388734957203269e-09
7.343260222114623e-09
7.288690540008247e-09
7.25231075193733e-09
7.183189154602587e-09
7.150447345338762e-09
7.106791599653661e-09
7.057678885757923e-09
7.006747182458639e-09
6.963091436773539e-09
6.917616701684892e-09
6.881236913613975e-09
6.826667231507599e-09
6.779373507015407e-09
6.750269676558673e-09
6.693881005048752e-09
6.6484062699601054e-09
6.6102074924856424e-09
6.564732757396996e-09
6.526533979922533e-09
6.486516213044524e-09
6.439222488552332e-09
6.397385732270777e-09
6.353729986585677e-09
6.30825525149703e-09
6.284608389250934e-09
6.2173057813197374e-09
6.195477908477187e-09
6.1409082263708115e-09
6.120899342931807e-09
6.075424607843161e-09
6.029949872754514e-09
5.993570084683597e-09
5.946276360191405e-09
5.909896572120488e-09
5.8826117310673e-09
5.842593964189291e-09
5.800757207907736e-09
5.749825504608452e-09
5.726178642362356e-09
5.689798854291439e-09
5.647962098009884e-09
5.60612534172833e-09
5.587935447692871e-09
5.533365765586495e-09
5.515175871551037e-09
5.44787326361984e-09
5.4424162954092026e-09
5.387846613302827e-09
5.364199751056731e-09
5.327819962985814e-09
5.295078153721988e-09
5.247784429229796e-09
5.218680598773062e-09
5.187757778912783e-09
5.165929906070232e-09
5.127731128595769e-09
5.0767994252964854e-09
5.067704478278756e-09
5.007677827961743e-09
4.993125912733376e-09
4.951289156451821e-09
4.934918251819909e-09
4.893081495538354e-09
4.8476067604497075e-09
4.845787771046162e-09
4.787580110132694e-09
4.765752237290144e-09
4.734829417429864e-09
4.700268618762493e-09
4.685716703534126e-09
4.6329660108312964e-09
4.6202330850064754e-09
4.572939360514283e-09
4.5656634029001e-09
4.5056367525830865e-09
4.496541805565357e-09
4.469256964512169e-09
4.431058187037706e-09
4.4165062718093395e-09
4.36375557910651e-09
4.349203663878143e-09
4.329194780439138e-09
4.283720045350492e-09
4.281901055946946e-09
4.212779458612204e-09
4.212779458612204e-09
4.1891325963661075e-09
4.158209776505828e-09
4.127286956645548e-09
4.10909706261009e-09
4.065441316924989e-09
4.03451849706471e-09
4.02542355004698e-09
3.990862751379609e-09
3.969034878537059e-09
3.949025995098054e-09
3.9071892388165e-09
3.890818334184587e-09
3.867171471938491e-09
3.8471625884994864e-09
3.810782800428569e-09
3.787135938182473e-09
3.759851097129285e-09
3.754394128918648e-09
3.714376362040639e-09
3.6907294997945428e-09
3.67435859516263e-09
3.6470737541094422e-09
3.623426891863346e-09
3.5925040720030665e-09
3.5797711461782455e-09
3.548848326317966e-09
3.5197444958612323e-09
3.5033735912293196e-09
3.4906406654044986e-09
3.457898856140673e-09
3.423338057473302e-09
3.421519068069756e-09
3.3924152376130223e-09
3.3669493859633803e-09
3.3523974707350135e-09
3.3232936402782798e-09
3.308741725049913e-09
3.27054294757545e-09
3.2614480005577207e-09
3.2359821489080787e-09
3.232344170100987e-09
3.2014213502407074e-09
3.1759554985910654e-09
3.1523086363449693e-09
3.132299752905965e-09
3.117747837677598e-09
3.0995579436421394e-09
3.066816134378314e-09
3.0449882615357637e-09
3.0468072509393096e-09
3.01588443107903e-09
2.992237568832934e-09
2.979504643008113e-09
2.9576767701655626e-09
2.9376678867265582e-09
2.9249349609017372e-09
2.892193151637912e-09
2.879460225813091e-09
2.8594513423740864e-09
2.839442458935082e-09
2.815795596688986e-09
2.815795596688986e-09
2.773958840407431e-09
2.7812347980216146e-09
2.750311978161335e-09
2.7303030947223306e-09
2.7193891583010554e-09
2.7066562324762344e-09
2.6684574550017715e-09
2.6648194761946797e-09
2.6393536245450377e-09
2.637534635141492e-09
2.608430804684758e-09
2.5920599000528455e-09
2.572051016613841e-09
2.5684130378067493e-09
2.535671228542924e-09
2.5393092073500156e-09
2.497472451068461e-09
2.5065673980861902e-09
2.4792825570330024e-09
2.4556356947869062e-09
2.4538167053833604e-09
2.4137989385053515e-09
2.4247128749266267e-09
2.397428033873439e-09
2.3792381398379803e-09
2.35741026699543e-09
2.355591277591884e-09
2.3410393623635173e-09
2.3119355319067836e-09
2.3137545213103294e-09
2.293745637871325e-09
2.2755557438358665e-09
2.255546860396862e-09
2.2391759557649493e-09
2.2391759557649493e-09
2.2228050511330366e-09
2.2100721253082156e-09
2.1755113266408443e-09
2.180968294851482e-09
2.1609594114124775e-09
2.142769517377019e-09
2.119122655130923e-09
2.1245796233415604e-09
2.10275175049901e-09
2.091837814077735e-09
2.0845618564635515e-09
2.053639036603272e-09
2.055458026006818e-09
2.0336301531642675e-09
2.013621269725263e-09
2.015440259128809e-09
2.0099832909181714e-09
1.9736035028472543e-09
1.9699655240401626e-09
1.95359461940825e-09
1.9463186617940664e-09
1.928128767758608e-09
1.9172148313373327e-09
1.913576852530241e-09
1.8935679690912366e-09
1.8917489796876907e-09
1.8553691916167736e-09
1.8590071704238653e-09
1.8408172763884068e-09
1.8462742445990443e-09
1.8098944565281272e-09
1.8226273823529482e-09
1.7844286048784852e-09
1.7953425412997603e-09
1.7771526472643018e-09
1.762600732035935e-09
1.748048816807568e-09
1.737134880386293e-09
1.7334969015792012e-09
1.7134880181401968e-09
1.7134880181401968e-09
1.6952981241047382e-09
1.6880221664905548e-09
1.6698322724550962e-09
1.6625563148409128e-09
1.6552803572267294e-09
1.6425474314019084e-09
1.6298145055770874e-09
1.6116246115416288e-09
1.609805622138083e-09
1.5934347175061703e-09
1.597072696313262e-09
1.57160684466362e-09
1.5807017916813493e-09
1.5534169506281614e-09
1.5352270565927029e-09
1.5388650353997946e-09
1.5352270565927029e-09
1.5061232261359692e-09
1.520675141364336e-09
1.4897523215040565e-09
1.4861143426969647e-09
1.4861143426969647e-09
1.4733814168721437e-09
1.4533725334331393e-09
1.4297256711870432e-09
1.4497345546260476e-09
1.4224497135728598e-09
1.431544660590589e-09
1.4133547665551305e-09
1.406078808940947e-09
1.3787939678877592e-09
1.3860699255019426e-09
1.3860699255019426e-09
1.3533281162381172e-09
1.3769749784842134e-09
1.3460521586239338e-09
1.318767317570746e-09
1.3533281162381172e-09
1.318767317570746e-09
1.3260432751849294e-09
1.2842065189033747e-09
1.3078533811494708e-09
1.2842065189033747e-09
1.2732925824820995e-09
1.267835614271462e-09
1.2660166248679161e-09
1.2623786460608244e-09
1.24236976262182e-09
1.2350938050076365e-09
1.2387317838147283e-09
1.2114469427615404e-09
1.2278178473934531e-09
1.2005330063402653e-09
1.2078089639544487e-09
1.1805241229012609e-09
1.1932570487260818e-09
1.1696101864799857e-09
1.1677911970764399e-09
1.1568772606551647e-09
1.1568772606551647e-09
1.1368683772161603e-09
1.1423253454267979e-09
1.1332303984090686e-09
1.11504050437361e-09
1.1186784831807017e-09
1.1114025255665183e-09
1.0932126315310597e-09
1.0968506103381515e-09
1.089574652723968e-09
1.0695657692849636e-09
1.0822986951097846e-09
1.0622898116707802e-09
1.053194864653051e-09
1.0659277904778719e-09
1.0295480024069548e-09
1.0350049706175923e-09
1.0459189070388675e-09
1.0168150765821338e-09
1.0204530553892255e-09
1.000444171950221e-09
1.0204530553892255e-09
9.949872037395835e-10
9.986251825466752e-10
9.858922567218542e-10
9.658833732828498e-10
9.74978320300579e-10
9.695213520899415e-10
9.62245394475758e-10
9.531504474580288e-10
9.49512468650937e-10
9.36779542826116e-10
9.440555004402995e-10
9.204086381942034e-10
9.204086381942034e-10
9.113136911764741e-10
9.149516699835658e-10
9.040377335622907e-10
9.040377335622907e-10
8.967617759481072e-10
8.87666828930378e-10
8.785718819126487e-10
8.658389560878277e-10
8.74933903105557e-10
8.658389560878277e-10
8.62200977280736e-10
8.49468051455915e-10
8.421920938417315e-10
8.476490620523691e-10
8.349161362275481e-10
8.258211892098188e-10
8.221832104027271e-10
8.24002199806273e-10
8.167262421920896e-10
8.11269273981452e-10
8.076312951743603e-10
7.967173587530851e-10
7.894414011389017e-10
7.894414011389017e-10
7.967173587530851e-10
7.639755494892597e-10
7.748894859105349e-10
7.748894859105349e-10
7.548806024715304e-10
7.676135282963514e-10
7.47604644857347e-10
7.60337570682168e-10
7.330527296289802e-10
7.34871719032526e-10
7.421476766467094e-10
7.294147508218884e-10
7.185008144006133e-10
7.203198038041592e-10
7.148628355935216e-10
7.075868779793382e-10
7.09405867382884e-10
7.021299097687006e-10
6.984919309616089e-10
6.875779945403337e-10
6.803020369261503e-10
6.893969839438796e-10
6.730260793119669e-10
6.875779945403337e-10
6.639311322942376e-10
6.621121428906918e-10
6.657501216977835e-10
6.566551746800542e-10
6.530171958729625e-10
6.530171958729625e-10
6.402842700481415e-10
6.293703336268663e-10
6.45741238258779e-10
6.239133654162288e-10
6.293703336268663e-10
6.275513442233205e-10
6.184563972055912e-10
6.111804395914078e-10
6.093614501878619e-10
6.239133654162288e-10
5.893525667488575e-10
6.075424607843161e-10
5.857145879417658e-10
5.929905455559492e-10
5.911715561524034e-10
5.766196409240365e-10
5.857145879417658e-10
5.729816621169448e-10
5.729816621169448e-10
5.675246939063072e-10
5.693436833098531e-10
5.675246939063072e-10
5.620677256956697e-10
5.420588422566652e-10
5.511537892743945e-10
5.384208634495735e-10
5.456968210637569e-10
5.475158104673028e-10
5.420588422566652e-10
5.256879376247525e-10
5.184119800105691e-10
5.366018740460277e-10
5.20230969414115e-10
5.20230969414115e-10
5.220499588176608e-10
4.984030965715647e-10
5.111360223963857e-10
5.093170329928398e-10
5.093170329928398e-10
4.838511813431978e-10
5.020410753786564e-10
4.874891601502895e-10
4.856701707467437e-10
5.056790541857481e-10
4.783942131325603e-10
4.729372449219227e-10
4.711182555183768e-10
4.802132025361061e-10
4.747562343254685e-10
4.711182555183768e-10
4.547473508864641e-10
4.6202330850064754e-10
4.511093720793724e-10
4.656612873077393e-10
4.4929038267582655e-10
4.43833414465189e-10
4.547473508864641e-10
4.3291947804391384e-10
4.4929038267582655e-10
4.4019543565809727e-10
4.2746250983327627e-10
4.31100488640368e-10
4.383764462545514e-10
4.129105946049094e-10
4.383764462545514e-10
4.1109160520136356e-10
4.2746250983327627e-10
4.147295840084553e-10
4.1109160520136356e-10
4.1109160520136356e-10
4.019966581836343e-10
4.092726157978177e-10
3.9108272176235914e-10
4.05634636990726e-10
3.9108272176235914e-10
3.8744474295526743e-10
4.129105946049094e-10
3.8562575355172157e-10
3.8744474295526743e-10
3.8562575355172157e-10
3.80168785341084e-10
3.7471181713044643e-10
3.728928277269006e-10
3.7471181713044643e-10
3.6561687011271715e-10
3.6925484891980886e-10
3.637978807091713e-10
3.710738383233547e-10
3.728928277269006e-10
3.510649548843503e-10
3.54702933691442e-10
3.4560798667371273e-10
3.637978807091713e-10
3.637978807091713e-10
3.383320290595293e-10
3.474269760772586e-10
3.383320290595293e-10
3.5288394428789616e-10
3.2741809263825417e-10
3.346940502524376e-10
3.4924596548080444e-10
3.2741809263825417e-10
3.346940502524376e-10
3.2014213502407074e-10
3.255991032347083e-10
3.219611244276166e-10
3.292370820418e-10
3.2014213502407074e-10
3.0740920919924974e-10
3.128661774098873e-10
3.2378011383116245e-10
3.183231456205249e-10
2.964952727779746e-10
3.255991032347083e-10
2.9103830456733704e-10
3.019522409886122e-10
3.055902197957039e-10
2.9103830456733704e-10
3.1650415621697903e-10
2.874003257602453e-10
2.9831426218152046e-10
2.9103830456733704e-10
2.8194335754960775e-10
2.837623469531536e-10
2.9467628337442875e-10
2.7466739993542433e-10
2.8194335754960775e-10
2.837623469531536e-10
2.837623469531536e-10
2.7284841053187847e-10
2.7830537874251604e-10
2.764863893389702e-10
2.6921043172478676e-10
2.582964953035116e-10
2.837623469531536e-10
2.637534635141492e-10
2.546585164964199e-10
2.7830537874251604e-10
2.5647750589996576e-10
2.673914423212409e-10
2.546585164964199e-10
2.510205376893282e-10
2.510205376893282e-10
2.4920154828578234e-10
2.637534635141492e-10
2.419255906715989e-10
2.455635694786906e-10
2.4920154828578234e-10
2.546585164964199e-10
2.346496330574155e-10
2.346496330574155e-10
2.4374458007514477e-10
2.346496330574155e-10
2.473825588822365e-10
2.2919266484677792e-10
2.346496330574155e-10
2.2737367544323206e-10
2.2373569663614035e-10
2.4010660126805305e-10
2.3646862246096134e-10
2.0736479200422764e-10
2.3101165425032377e-10
2.2737367544323206e-10
2.128217602148652e-10
2.1827872842550278e-10
2.219167072325945e-10
2.2737367544323206e-10
2.091837814077735e-10
2.1645973902195692e-10
2.0554580260068178e-10
2.128217602148652e-10
2.2373569663614035e-10
1.9463186617940664e-10
2.2009771782904863e-10
2.0554580260068178e-10
2.0372681319713593e-10
2.0554580260068178e-10
1.964508555829525e-10
2.0372681319713593e-10
2.0372681319713593e-10
1.9463186617940664e-10
1.8735590856522322e-10
2.1100277081131935e-10
1.8917489796876907e-10
1.9281287677586079e-10
1.9281287677586079e-10
1.9463186617940664e-10
1.7826096154749393e-10
1.8735590856522322e-10
1.8917489796876907e-10
1.9463186617940664e-10
1.8735590856522322e-10
1.7826096154749393e-10
1.7462298274040222e-10
1.837179297581315e-10
1.8189894035458565e-10
1.8189894035458565e-10
1.6189005691558123e-10
1.9099388737231493e-10
1.7280399333685637e-10
1.6916601452976465e-10
1.673470251262188e-10
1.800799509510398e-10
1.7462298274040222e-10
1.673470251262188e-10
1.673470251262188e-10
1.6552803572267294e-10
1.673470251262188e-10
1.7462298274040222e-10
1.546140993013978e-10
1.7826096154749393e-10
1.4551915228366852e-10
1.6189005691558123e-10
1.546140993013978e-10
1.6552803572267294e-10
1.673470251262188e-10
1.5279510989785194e-10
1.4733814168721437e-10
1.6189005691558123e-10
1.5825207810848951e-10
1.6007106751203537e-10
1.3460521586239338e-10
1.418811734765768e-10
1.546140993013978e-10
1.5279510989785194e-10
1.4733814168721437e-10
1.4915713109076023e-10
1.3460521586239338e-10
1.509761204943061e-10
1.4006218407303095e-10
1.4006218407303095e-10
1.6370904631912708e-10
1.291482476517558e-10
1.4006218407303095e-10
1.418811734765768e-10
1.4006218407303095e-10
1.4733814168721437e-10
1.2187229003757238e-10
1.4370016288012266e-10
1.255102688446641e-10
1.4006218407303095e-10
1.2732925824820995e-10
1.3096723705530167e-10
1.2187229003757238e-10
1.4551915228366852e-10
1.3642420526593924e-10
1.291482476517558e-10
1.1823431123048067e-10
1.3642420526593924e-10
1.255102688446641e-10
1.2005330063402653e-10
1.1641532182693481e-10
1.3096723705530167e-10
1.2369127944111824e-10
1.2005330063402653e-10
1.1641532182693481e-10
1.127773430198431e-10
1.3642420526593924e-10
1.291482476517558e-10
1.0913936421275139e-10
1.1095835361629725e-10
1.1095835361629725e-10
1.1823431123048067e-10
1.2005330063402653e-10
1.255102688446641e-10
1.0732037480920553e-10
1.1095835361629725e-10
1.0732037480920553e-10
1.1823431123048067e-10
1.0913936421275139e-10
1.2369127944111824e-10
1.0186340659856796e-10
1.0186340659856796e-10
1.0186340659856796e-10
1.1823431123048067e-10
1.000444171950221e-10
1.0913936421275139e-10
1.0913936421275139e-10
1.0732037480920553e-10
8.731149137020111e-11
Largest EigenValue: 9598.608089469457
Iterations: 3199
Elapsed time: 6.484375seconds
