0.0004941717488691211
0.00012825545854866505
0.0001288409112021327
0.00014041515532881021
0.00044650142081081867
0.010580389527603984
0.3973215887090191
16.470370178343728
722.1263606090797
32770.10156407871
1215985.0931266309
4287388.581489775
499349.97918806784
78100.94646720961
60291.029197230004
52264.5940667931
45099.91541946586
38630.96409845352
32874.204104729
27828.158334012143
23465.14611827582
19736.28552336525
16579.491500820965
13926.999666065909
11711.113857907243
9867.990477234125
8339.76096343901
7075.4330021506175
6030.984133136459
5168.974270437844
4457.909323546104
3871.508335837163
3387.9668310917914
2989.2677519386634
2660.564531289041
2389.644388904795
2166.4705212730914
1982.7969504399225
1831.8476714976132
1708.0512328092009
1606.8222612617537
1524.3822505511343
1457.612898901105
1403.9362618159503
1361.216898511164
1327.6820028610528
1301.8562116110697
1282.5083756372333
1268.6080769058317
1259.290082829073
1253.8252673568204
1251.5968031203374
1252.080652732402
1254.8295707460493
1259.4599741566926
1265.6411604592577
1273.0864486005157
1281.5458975173533
1290.8003199156374
1300.656361718662
1310.9424585094675
1321.5055153341964
1332.2081829486415
1342.9266271768138
1353.548705083318
1363.9724781159312
1374.1050030216575
1383.861352535896
1393.1638252297416
1401.941310973838
1410.1287837503478
1417.6668983278796
1424.5016706651077
1430.5842256089672
1435.8705972293392
1440.3215703964233
1443.9025527099147
1446.5834689075127
1448.3386699128896
1449.1468506716192
1448.9909717142582
1447.8581801084802
1445.7397263469175
1442.630874668248
1438.5308042475954
1433.442500250414
1427.3726332103834
1420.3314264612272
1412.3325110869482
1403.3927688831463
1393.5321636023
1382.7735611237586
1371.142539769411
1358.6671916758642
1345.3779166843742
1331.3072101138532
1316.489446005784
1300.9606572967023
1284.7583146756515
1267.921105475165
1250.4887144770473
1232.501607852988
1214.0008217664436
1195.0277569657192
1175.6239806888625
1155.8310367250815
1135.6902649393305
1115.2426307480782
1094.528565584682
1073.5878186449409
1052.4593205228448
1031.1810588566586
1009.7899663196877
988.321820884943
966.8111582612619
945.2911964738742
923.7937721079215
902.349288017489
880.9866720233113
859.733346061781
838.6152052413672
817.6566062998027
796.8803647989407
776.307760280557
755.9585490040481
735.8509832574055
716.0018370226026
696.4264367716387
677.1386973578483
658.1511619314551
639.4750454137102
621.1202811794356
603.0955700296909
585.4084312403575
568.0652550598606
551.071356356144
534.4310286911204
518.1475990554318
502.2234821105376
486.66023440565914
471.4586078291759
456.61860216222703
442.1395166069269
428.02000006847084
414.2580999881029
400.85130959842354
387.7966136364266
375.09053226653486
362.7291631689295
350.7082218648866
339.02308009471744
327.6688024662435
316.64018095005304
305.9317678390071
295.53790649119765
285.4527606284246
275.6703415242955
266.1845335951075
256.98911840096116
248.07779669947922
239.4442092878744
231.08195605129004
222.98461367283016
215.14575187768787
207.55894847679883
200.21780294459313
193.11594893038273
186.24706563260406
179.60488802939653
173.18321609776467
166.9759231125936
160.97696307115257
155.18037717044353
149.58029961865395
144.1709626019001
138.94670069031417
133.90195448789746
129.03127376548946
124.32932003680617
119.79086859617382
115.41081013530493
111.18415194284171
107.10601866431534
103.17165271006525
99.37641440797597
95.71578177064657
92.1853500623256
88.78083106689155
85.49805222731084
82.3329554265365
79.28159581776708
76.34014031197876
73.50486601889133
70.77215853240341
68.13851015549153
65.60051803663373
63.15488211996853
60.79840319696814
58.527980810031295
56.34061113093048
54.23338476009667
52.20348463393748
50.24818377755582
48.36484311707318
46.550909287296236
44.803912420757115
43.121463948860765
41.501254450529814
39.94105150550604
38.43869748432189
36.992107537575066
35.599267430603504
34.25823154859245
32.96712082158774
31.7241207966581
30.52747961692512
29.375506220385432
28.26656831987202
27.199090705253184
26.17155336216092
25.182489764876664
24.230485130101442
23.314174820668995
22.43224257323891
21.5834190947935
20.766480380669236
19.98024625517428
19.223578931763768
18.495381543412805
17.794596822932363
17.12020569574088
16.471226018853486
15.84671130310744
15.245749473571777
14.667461710982025
14.111001268029213
13.575552374124527
13.060329128988087
12.564574454911053
12.087559130974114
11.628580746240914
11.186962743289769
10.762053605169058
10.353225789964199
9.95987507328391
9.581419518217444
9.217298827134073
8.86697346996516
8.529923955909908
8.205650144256651
7.893670511431992
7.593521450646222
7.304756689816713
7.026946567930281
6.7596775302663445
6.50255143083632
6.255185062997043
6.017209551297128
5.788269850425422
5.568024213425815
5.356143746525049
5.1523118913173676
4.9562239442020655
4.767586725763977
4.586118022911251
4.411546280607581
4.243610120378435
4.08205808699131
3.92664813157171
3.7771473387256265
3.633331624791026
3.4949853159487247
3.361900895833969
3.2338786823675036
3.110726539976895
2.992259604856372
2.878299970179796
2.7686764802783728
2.6632244614884257
2.561785445548594
2.4642069917172194
2.3703424111008644
2.2800505524501204
2.1931956680491567
2.109647100791335
2.029279167763889
1.9519709348678589
1.8776060929521918
1.8060726812109351
1.737263049930334
1.671073591336608
1.6074046259745955
1.5461603114381433
1.4872483778744936
1.430580098181963
1.3760700821876526
1.3236362244933844
1.273199524730444
1.2246839497238398
1.1780163925141096
1.1331265196204185
1.0899466564878821
1.0484117083251476
1.0084590688347816
0.9700284702703357
0.9330619787797332
0.8975038761273026
0.8633004780858755
0.8304002415388823
0.7987535279244184
0.7683126097545028
0.7390315532684326
0.7108661886304617
0.6837740354239941
0.6577142113819718
0.6326473811641335
0.6085357405245304
0.5853428998962045
0.5630338555201888
0.541574944742024
0.5209337892010808
0.5010792138054967
0.4819812625646591
0.46361113246530294
0.44594106543809175
0.4289444051682949
0.4125954760238528
0.3968696128576994
0.38174308743327856
0.367193054407835
0.35319752525538206
0.3397354129701853
0.32678634114563465
0.3143308162689209
0.30234998371452093
0.29082578513771296
0.27974080573767424
0.2690783077850938
0.2588222064077854
0.2489569904282689
0.23946778383105993
0.23034024704247713
0.22156059462577105
0.2131155813112855
0.20499244518578053
0.19717892445623875
0.18966320902109146
0.18243394512683153
0.17548024747520685
0.16879158280789852
0.16235785745084286
0.1561693586409092
0.15021674055606127
0.14449100382626057
0.13898351043462753
0.13368594367057085
0.1285902950912714
0.12368888221681118
0.1189742824062705
0.11443939618766308
0.1100773410871625
0.10588157176971436
0.10184572264552116
0.09796370193362236
0.09422966931015253
0.0906379371881485
0.08718313369899988
0.0838600005954504
0.08066353760659695
0.07758891489356756
0.07463148981332779
0.07178678829222918
0.06905051600188017
0.0664185443893075
0.06388689763844013
0.0614517480134964
0.059109410271048546
0.056856365874409676
0.0546891912817955
0.05260463524609804
0.05059952661395073
0.04867084603756666
0.04681568872183561
0.045031231828033924
0.04331480711698532
0.04166379198431969
0.040075719356536865
0.0385481771081686
0.03707885928452015
0.03566554468125105
0.03430611453950405
0.03299848176538944
0.031740699894726276
0.030530868098139763
0.029367133043706417
0.02824778202921152
0.027171075344085693
0.026135414838790894
0.025139231234788895
0.024181021377444267
0.02325933799147606
0.0223727747797966
0.021520020440220833
0.020699753426015377
0.01991076860576868
0.019151841290295124
0.018421857617795467
0.017719686031341553
0.017044275999069214
0.016394635662436485
0.01576972845941782
0.015168649144470692
0.014590484090149403
0.014034355990588665
0.0134994275867939
0.012984885834157467
0.012489954009652138
0.012013891711831093
0.01155597623437643
0.011115510016679764
0.010691837407648563
0.010284310206770897
0.009892316535115242
0.009515265934169292
0.009152586571872234
0.00880372617393732
0.008468174375593662
0.008145404048264027
0.007834936492145061
0.007536306045949459
0.007249055430293083
0.0069727543741464615
0.0067069875076413155
0.006451352499425411
0.006205443292856216
0.005968930199742317
0.005741429515182972
0.005522588267922401
0.005312091670930386
0.005109620280563831
0.004914868623018265
0.004727532155811787
0.004547348245978355
0.004374026320874691
0.0042073046788573265
0.004046950489282608
0.003892693668603897
0.0037443218752741814
0.003601616248488426
0.0034643374383449554
0.0033322926610708237
0.003205283544957638
0.0030831163749098778
0.0029655983671545982
0.0028525684028863907
0.002743847668170929
0.002639259211719036
0.0025386707857251167
0.0024419017136096954
0.0023488393053412437
0.0022593140602111816
0.0021731918677687645
0.0020903656259179115
0.002010699361562729
0.0019340505823493004
0.0018603382632136345
0.0017894348129630089
0.0017212294042110443
0.0016556289047002792
0.001592528074979782
0.001531827263534069
0.0014734342694282532
0.0014172839000821114
0.0013632597401738167
0.0013113096356391907
0.0012613162398338318
0.0012132497504353523
0.0011670077219605446
0.001122528687119484
0.001079740934073925
0.0010385876521468163
0.0009990045800805092
0.00096092838793993
0.0009243050590157509
0.000889066606760025
0.0008551944047212601
0.0008225878700613976
0.0007912451401352882
0.0007610777392983437
0.0007320791482925415
0.0007041739299893379
0.0006773322820663452
0.0006515216082334518
0.0006266850978136063
0.0006027994677424431
0.0005798200145363808
0.0005577299743890762
0.0005364725366234779
0.0005160225555300713
0.0004963483661413193
0.00047743599861860275
0.00045923981815576553
0.0004417393356561661
0.0004248982295393944
0.0004087034612894058
0.0003931289538741112
0.0003781486302614212
0.00036372896283864975
0.0003498699516057968
0.00033653248101472855
0.000323709100484848
0.0003113681450486183
0.0002995012328028679
0.0002880888059735298
0.00027710385620594025
0.00026655104011297226
0.00025638751685619354
0.0002466142177581787
0.00023721065372228622
0.00022817589342594147
0.0002194773405790329
0.00021111778914928436
0.00020306464284658432
0.00019532814621925354
0.00018788035959005356
0.0001807175576686859
0.00017383601516485214
0.000167209655046463
0.0001608375459909439
0.00015470385551452637
0.0001488039270043373
0.00014313682913780212
0.0001376839354634285
0.00013243872672319412
0.00012738537043333054
0.00012253131717443466
0.00011786352843046188
0.00011337082833051682
0.00010904483497142792
0.00010489020496606827
0.00010090135037899017
9.704753756523132e-05
9.334925562143326e-05
8.979253470897675e-05
8.637178689241409e-05
8.308235555887222e-05
7.990840822458267e-05
7.686112076044083e-05
7.39414244890213e-05
7.111858576536179e-05
6.840936839580536e-05
6.579887121915817e-05
6.329640746116638e-05
6.088055670261383e-05
5.855970084667206e-05
5.63301146030426e-05
5.417969077825546e-05
5.211587995290756e-05
5.013216286897659e-05
4.821736365556717e-05
4.638358950614929e-05
4.46150079369545e-05
4.2907893657684326e-05
4.1282735764980316e-05
3.970786929130554e-05
3.8188882172107697e-05
3.673415631055832e-05
3.534089773893356e-05
3.398582339286804e-05
3.2695941627025604e-05
3.14442440867424e-05
3.0251219868659973e-05
2.9100105166435242e-05
2.7981586754322052e-05
2.6918016374111176e-05
2.590194344520569e-05
2.490915358066559e-05
2.3953616619110107e-05
2.3045577108860016e-05
2.216920256614685e-05
2.132076770067215e-05
2.051517367362976e-05
1.972448080778122e-05
1.8971972167491913e-05
1.825392246246338e-05
1.755543053150177e-05
1.689046621322632e-05
1.6242265701293945e-05
1.5626661479473114e-05
1.5029683709144592e-05
1.4455989003181458e-05
1.3904646039009094e-05
1.3381242752075195e-05
1.286342740058899e-05
1.2373551726341248e-05
1.19013711810112e-05
1.145433634519577e-05
1.1014752089977264e-05
1.0595656931400299e-05
1.0188668966293335e-05
9.802170097827911e-06
9.427778422832489e-06
9.068287909030914e-06
8.724629878997803e-06
8.394010365009308e-06
8.068978786468506e-06
7.757917046546936e-06
7.4747949838638306e-06
7.18235969543457e-06
6.907619535923004e-06
6.645917892456055e-06
6.389804184436798e-06
6.151385605335236e-06
5.9176236391067505e-06
5.686655640602112e-06
5.475245416164398e-06
5.2638351917266846e-06
5.062669515609741e-06
4.872679710388184e-06
4.678964614868164e-06
4.50480729341507e-06
4.336237907409668e-06
4.171393811702728e-06
4.0065497159957886e-06
3.85381281375885e-06
3.7159770727157593e-06
3.5706907510757446e-06
3.4365803003311157e-06
3.298744559288025e-06
3.1730160117149353e-06
3.059394657611847e-06
2.9364600777626038e-06
2.8274953365325928e-06
2.711080014705658e-06
2.6226043701171875e-06
2.516433596611023e-06
2.4177134037017822e-06
2.327375113964081e-06
2.239830791950226e-06
2.1494925022125244e-06
2.0796433091163635e-06
1.989305019378662e-06
1.9194558262825012e-06
1.8440186977386475e-06
1.7723068594932556e-06
1.7052516341209412e-06
1.6372650861740112e-06
1.5813857316970825e-06
1.521781086921692e-06
1.4547258615493774e-06
1.4044344425201416e-06
1.3522803783416748e-06
1.2991949915885925e-06
1.2498348951339722e-06
1.2023374438285828e-06
1.1548399925231934e-06
1.1101365089416504e-06
1.0719522833824158e-06
1.0300427675247192e-06
9.974464774131775e-07
9.462237358093262e-07
9.164214134216309e-07
8.800998330116272e-07
8.521601557731628e-07
8.055940270423889e-07
7.916241884231567e-07
7.506459951400757e-07
7.329508662223816e-07
6.919726729393005e-07
6.724148988723755e-07
6.416812539100647e-07
6.249174475669861e-07
5.997717380523682e-07
5.699694156646729e-07
5.587935447692871e-07
5.299225449562073e-07
5.038455128669739e-07
4.98257577419281e-07
4.7031790018081665e-07
4.5634806156158447e-07
4.33996319770813e-07
4.256144165992737e-07
3.995373845100403e-07
3.9301812648773193e-07
3.762543201446533e-07
3.641471266746521e-07
3.4086406230926514e-07
3.3527612686157227e-07
3.213062882423401e-07
3.129243850708008e-07
2.9243528842926025e-07
2.8777867555618286e-07
2.7008354663848877e-07
2.6635825634002686e-07
2.551823854446411e-07
2.384185791015625e-07
2.4121254682540894e-07
2.2631138563156128e-07
2.1420419216156006e-07
2.1047890186309814e-07
2.039596438407898e-07
1.8719583749771118e-07
1.8533319234848022e-07
1.825392246246338e-07
1.7508864402770996e-07
1.648440957069397e-07
1.5832483768463135e-07
1.5739351511001587e-07
1.4156103134155273e-07
1.434236764907837e-07
1.3690441846847534e-07
1.3131648302078247e-07
1.2945383787155151e-07
1.1734664440155029e-07
1.1548399925231934e-07
1.126900315284729e-07
1.1175870895385742e-07
1.0244548320770264e-07
1.0244548320770264e-07
9.592622518539429e-08
9.033828973770142e-08
8.66129994392395e-08
8.754432201385498e-08
8.475035429000854e-08
7.729977369308472e-08
7.543712854385376e-08
7.264316082000732e-08
7.729977369308472e-08
6.239861249923706e-08
6.891787052154541e-08
6.332993507385254e-08
5.774199962615967e-08
5.681067705154419e-08
5.774199962615967e-08
5.122274160385132e-08
5.774199962615967e-08
4.377216100692749e-08
4.563480615615845e-08
4.563480615615845e-08
4.7497451305389404e-08
4.190951585769653e-08
4.563480615615845e-08
3.818422555923462e-08
3.5390257835388184e-08
3.3527612686157227e-08
3.818422555923462e-08
3.632158041000366e-08
3.166496753692627e-08
2.514570951461792e-08
3.632158041000366e-08
2.8870999813079834e-08
1.7695128917694092e-08
3.259629011154175e-08
2.8870999813079834e-08
2.421438694000244e-08
2.3283064365386963e-08
2.7008354663848877e-08
1.6763806343078613e-08
1.7695128917694092e-08
2.1420419216156006e-08
1.955777406692505e-08
2.1420419216156006e-08
1.7695128917694092e-08
1.4901161193847656e-08
1.862645149230957e-08
1.4901161193847656e-08
1.1175870895385742e-08
2.514570951461792e-08
9.313225746154785e-09
Largest EigenValue: 7650603.313909898
Iterations: 770
Elapsed time: 2.65625seconds
