1106.1170754286309
693.3052413003647
537.5832805165728
468.60017583049466
472.38380472024073
533.5123565041285
604.6572232111248
607.9194300712779
512.8017839220756
373.18632102952597
252.06812279915357
169.96246049806177
119.92642797357257
90.04819555733047
71.59362887670432
59.44554028346647
50.85107775704637
44.366223685399746
39.22539074811175
35.007012640207904
31.464775240789095
28.44400534338274
25.84019957604869
23.578082633732265
21.600658956145708
19.863190172240138
18.32966552873404
16.97058712490434
15.761487512587337
14.681881887534473
13.714495330703357
12.84467460360247
12.059929891804131
11.349571527158332
10.704418115377848
10.116559488566054
9.579162445539623
9.086310324093574
8.632869601728089
8.21437829777642
7.826952087767495
7.467204923641475
7.132181597446106
6.81930020802065
6.526302881116862
6.251213401566929
5.992300671940029
5.748047098688403
5.51712117128227
5.298353621830756
5.090716658463862
4.893305847470401
4.70532428523984
4.526068760826092
4.354917649669005
4.191320321178864
4.0347878734737606
3.8848850281683553
3.741223050321423
3.6034535665112344
3.471263175651984
3.3443687578164827
3.2225133972133335
3.1054628470737953
2.9930024700479407
2.8849345969138085
2.7810762526714825
2.681257202882989
2.5853182810551516
2.4931099610985257
2.4044911422188306
2.3193281172862044
2.237493701008134
2.158866496012706
2.083330274772379
2.0107734631983476
1.9410887090634787
1.8741725229247095
1.809924980161668
1.7482494735868386
1.6890525086746493
1.632243533829751
1.5777347994935553
1.5254412413432874
1.4752803808787576
1.4271722428475186
1.3810392827435862
1.3368063251909916
1.2944005086083052
1.2537512341186812
1.214790120089674
1.1774509577662684
1.1416696685773786
1.1073842642726959
1.0745348037526128
1.04306335450201
1.012913949734866
0.9840325474724523
0.9563669881372334
0.929866952204975
0.9044839160324045
0.8801711091418838
0.8568834686175251
0.8345775953348493
0.8132117085897335
0.792745601365823
0.7731405943304708
0.7543594917042356
0.7363665359189326
0.7191273631524382
0.7026089587925526
0.6867796141668805
0.6716088834546099
0.657067540621938
0.6431275385766639
0.6297619672986912
0.6169450144989241
0.6046519256087777
0.5928589665563777
0.5815433852221759
0.5706833760996233
0.5602580439735902
0.5502473707492754
0.5406321807822678
0.5313941095719201
0.5225155718217138
0.5139797317351622
0.5057704731243575
0.4978723713520594
0.4902706662815035
0.4829512354135659
0.47590056879562326
0.46910574447974795
0.46255440467029985
0.45623473328851105
0.4501354342828563
0.4442457096702128
0.4385552404746704
0.4330541664567136
0.42773306780145504
0.42258294688144815
0.4175952111163497
0.41276165671661147
0.40807445182326774
0.4035261225908471
0.39910953742582933
0.39481789275669144
0.3906447008939722
0.38658377545289113
0.38262921989189635
0.37877541508896684
0.3750170081639226
0.371348901086094
0.36776624091362464
0.36426440819013806
0.36083900890844234
0.3574858638748992
0.35420100042210834
0.3509806437195948
0.3478212079971854
0.34471928938910423
0.3416716576193721
0.33867524921151926
0.3357271601416869
0.33282463935756823
0.3299650814933557
0.32714602219493827
0.3243651303837396
0.32162020388386736
0.3189091631102201
0.31623004584434966
0.313581002455976
0.3109602908989473
0.3083662717235711
0.3057974036564701
0.3032522395169508
0.3007294216877199
0.29822767822042806
0.2957458188975579
0.293282731601721
0.29083737874316284
0.28840879337803926
0.28599607666728843
0.28359839418590127
0.28121497259417083
0.2788450975513115
0.27648810955179215
0.2741434029812808
0.2718104217765358
0.26948865763006324
0.26717764798559074
0.2648769727038598
0.26258625293667137
0.2603051478818088
0.25803335339878686
0.2557706000206963
0.2535166507350368
0.2512712990956061
0.24903436777094612
0.24680570693817572
0.2445851917636901
0.2423727222612797
0.24016822058365506
0.23797163000745059
0.23578291359808645
0.23360205310564197
0.23142904714404722
0.22926391041255556
0.2271066723660624
0.22495737622921297
0.22281607776494639
0.22068284443957964
0.21855775410040224
0.2164408946518961
0.21433236262964783
0.21223226254551264
0.21014070620731218
0.2080578115019307
0.20598370267180144
0.20391850814849022
0.20186236114022904
0.1998153987024125
0.19777776069531683
0.19574958934936149
0.1937310296107171
0.191722227325954
0.18972332956218452
0.18773448405409
0.18575583864731016
0.18378754084187676
0.1818297377667477
0.1798825755231519
0.1779461986880051
0.17602075076501933
0.17410637261491502
0.17220320383057697
0.17031138085803832
0.1684310381351679
0.16656230669286742
0.16470531517916243
0.16286018837126903
0.1610270481032785
0.15920601266770973
0.15739719653720385
0.15560071035179135
0.15381666126086202
0.15204515192453982
0.1502862814031687
0.14854014431512041
0.14680683091683022
0.14508642809232697
0.14337901727230928
0.14168467611852975
0.14000347813998815
0.13833549209448393
0.13668078242699266
0.13503940951522964
0.1334114289165882
0.13179689209755452
0.13019584608446166
0.1286083335926378
0.12703439307733788
0.12547405859731953
0.12392736025321938
0.1223943235581828
0.12087497036372952
0.11936931805394124
0.1178773801693751
0.11639916635976988
0.11493468188746192
0.11348392892614356
0.11204690534577821
0.11062360520008951
0.10921401931045693
0.10781813472567592
0.10643593500572024
0.10506740031814843
0.10371250730349857
0.10237122964463197
0.10104353750284645
0.099729398263662
0.09842877600385691
0.09714163194257708
0.09586792455229443
0.09460760926049261
0.09336063905539049
0.09212696410577337
0.09090653203747934
0.0896992881243932
0.08850517525752366
0.08732413379948412
0.08615610218657821
0.08500101646313851
0.0838588107671967
0.08272941719769733
0.08161276582359278
0.08050878497670055
0.07941740112801199
0.0783385394133802
0.07727212276586215
0.07621807295981853
0.07517631038717809
0.07414675344261923
0.07312932008790085
0.07212392602741602
0.07113048663995869
0.0701489154380397
0.0691791254121199
0.06822102838123101
0.06727453483472345
0.06633955489633081
0.06541599755109928
0.06450377110559202
0.06360278322790691
0.06271294071302691
0.061834149884816725
0.060966316481426475
0.060109345706223394
0.05926314233147423
0.05842761083476944
0.05760265493154293
0.05678817859188712
0.0559840850692126
0.05519027746959182
0.054406658940933994
0.053633132216418744
0.05286960007470043
0.052115965152552235
0.05137213013586006
0.05063799752679188
0.04991347030409088
0.049198450788026094
0.048492842171981465
0.04779654742560524
0.04710946960040019
0.04643151211348595
0.04576257857843302
0.04510257280526275
0.04445139904419193
0.04380896164002479
0.043175165375942015
0.042549915340714506
0.041933117174266954
0.04132467667113815
0.0407245001551928
0.04013249437775812
0.039548566686789854
0.03897262470127316
0.038404576594984974
0.03784433103828633
0.03729179743459099
0.036746885290995124
0.036209505175065715
0.035679567996339756
0.03515698496084951
0.03464166844605643
0.03413353088944859
0.03363248597088386
0.03313844707008684
0.032651329314830946
0.032171047450901824
0.0316975176356209
0.031230656077241292
0.030770380602916703
0.030316608274006285
0.02986925823825004
0.02942824943420419
0.02899350185361982
0.028564936297698296
0.028142473798652645
0.027726036725653103
0.027315547557009268
0.026910929818768636
0.026512107613598346
0.02611900621377572
0.02573155065147148
0.025349667859700276
0.024973284196676104
0.0246023280396912
0.024236727644165512
0.023876412173194694
0.02352131163024751
0.02317135675730242
0.02282647885476763
0.022486609959742054
0.022151683062475058
0.021821631580678513
0.02149638976334245
0.02117589276349463
0.020860075897871866
0.02054887599479116
0.020242229949872126
0.01994007552639232
0.019642351226139
0.019348996409462416
0.019059950871451292
0.018775155192997772
0.018494550638934015
0.018218079338112148
0.017945683695870684
0.017677307148915133
0.017412893763321335
0.017152388138129027
0.01689573564726743
0.01664288216670684
0.01639377433093614
0.0161483595820755
0.01590658580607851
0.015668401501898188
0.015433756057973369
0.015202599030089914
0.014974881150919828
0.014750553496924113
0.014529567552017397
0.014311875947896624
0.01409743136355246
0.013886187369280378
0.013678098215677892
0.01347311849349353
0.013271203457406955
0.013072309195194975
0.012876391927420627
0.012683408718658029
0.012493317162807216
0.012306075528613292
0.012121642246711417
0.011939976742723957
0.011761038649638067
0.011584788460822892
0.01141118693340104
0.011240195230129757
0.011071775499658543
0.010905890076173819
0.01074250167948776
0.0105815740316757
0.010423070714750793
0.010266956309351372
0.010113195623489446
0.009961754058167571
0.009812597396376077
0.0096656919176894
0.009521004410999012
0.009378502320032567
0.009238152930265642
0.009099924596739584
0.008963785863670637
0.00882970578277309
0.008697653722265386
0.008567599548769067
0.008439513570920099
0.008313366610309458
0.008189129608581425
0.008066774147664546
0.007946272249682806
0.007827596080460353
0.007710718549787998
0.007595612769364379
0.007482251936380635
0.007370610303041758
0.007260661746840924
0.007152381316700485
0.007045743552225758
0.006940724108062568
0.006837298318714602
0.006735442751960363
0.006635133309828234
0.006536346945722471
0.006439060696720844
0.006343251916405279
0.00624889833125053
0.006155978158858488
0.006064469451303012
0.005974351070108241
0.005885602035050397
0.005798201680590864
0.005712129399398691
0.005627365386317251
0.005543889477849007
0.005461682520035538
0.005380725075156079
0.005300998256643652
0.005222483385296073
0.005145162034750683
0.005069016186098452
0.004994027920474764
0.004920179564578575
0.004847454114496941
0.004775834049723926
0.0047053027537913295
0.004635843832147657
0.004567440790196997
0.00450007752442616
0.00443373825692106
0.004368407417132403
0.004304069423596957
0.004240709396981401
0.004178312368821935
0.004116863545277738
0.0040563484908489045
0.003996753081082716
0.003938063009627513
0.003880264694089419
0.0038233443683566293
0.0037672887065127725
0.003712084417202277
0.0036577184619090986
0.0036041781786479987
0.0035514507380867144
0.003499523840218899
0.0034483851814002264
0.0033980226471612696
0.0033484244686405873
0.0032995787278196076
0.0032514742542844033
0.003204099435606622
0.003157443043164676
0.003111494195763953
0.0030662420540465973
0.003021675876880181
0.002977785228722496
0.0029345597158680903
0.002891988953706459
0.0028500631979113678
0.0028087723749194993
0.0027681067604135023
0.0027280568065179978
0.0026886130381171824
0.002649766191098024
0.0026115070322703104
0.0025738265376276104
0.002536715810492751
0.002500166332538356
0.002464169210725231
0.002428716010399512
0.002393798384218826
0.002359408263146179
0.002325537396245636
0.0022921777508599916
0.002259321647215984
0.0022269611963565694
0.002195088927692268
0.0021636971869156696
0.0021327786471374566
0.002102326190652093
0.0020723323304991936
0.002042790289124241
0.0020136930615990423
0.00198503386855009
0.001956805765075842
0.0019290022719360422
0.001901616997201927
0.0018746432579064276
0.0018480748221918475
0.0018219055400550133
0.0017961293324333383
0.0017707398128550267
0.0017457315134379314
0.0017210981914104195
0.00169683432977763
0.0016729340877645882
0.001649392042963882
0.0016262024764728267
0.001603360266017262
0.0015808597418072168
0.001558695790663478
0.0015368634740298148
0.001515357434982434
0.0014941726531105815
0.0014733043535670731
0.0014527474850183353
0.0014324974672490498
0.0014125495163170854
0.0013928989501437172
0.0013735411175730405
0.0013544717694458086
0.0013356864674278768
0.001317180411206209
0.0012989499864488607
0.0012809902491426328
0.001263297839614097
0.001245867946636281
0.0012286969231354306
0.0012117806381866103
0.0011951153610425536
0.0011786970735556679
0.0011625221268332098
0.0011465867355582304
0.0011308871034998447
0.0011154198218719102
0.0011001813090842916
0.0010851678471226478
0.0010703762709454168
0.00105580300805741
0.0010414447824587114
0.0010272982126480201
0.0010133601990673924
0.0009996274657169124
0.0009860969566943822
0.0009727653905429179
0.0009596298896212829
0.000946687508985633
0.0009339351217931835
0.0009213699740939774
0.0009089889790629968
0.0008967897156253457
0.0008847689950925997
0.0008729244054848095
0.0008612530182290357
0.0008497524540871382
0.0008384197299164953
0.0008272527029475896
0.0008162485773937078
0.0008054049940255936
0.0007947193262225483
0.0007841894930606941
0.000773812798797735
0.0007635870879312279
0.0007535100085078739
0.0007435793377226219
0.0007337927127082366
0.0007241480943775969
0.0007146433763409732
0.0007052762248349609
0.000696044611686375
0.000686946623318363
0.0006779800150980009
0.0006691430480714189
0.0006604335103475023
0.0006518495920317946
0.0006433892976929201
0.0006350509265757864
0.0006268324668781133
0.0006187321323523065
0.0006107481640356127
0.0006028788284311304
0.0005951223447482334
0.0005874769540241687
0.0005799410992040066
0.0005725130195060046
0.000565191174246138
0.0005579738190135686
0.0005508594949787948
0.0005438466650957707
0.0005369336995499907
0.0005301191558828577
0.0005234014861343894
0.0005167793478904059
0.0005102512059238506
0.0005038156650698511
0.0004974712519469904
0.000491216787850135
0.0004850507375522284
0.00047897179865685757
0.0004729787979158573
0.0004670702292060014
0.0004612450848071603
0.00045550187860499136
0.0004498395119298948
0.0004442565877980087
0.0004387521585158538
0.00043332500899850857
0.00042797384412551764
0.0004226976016070694
0.00041749511001398787
0.0004123653379792813
0.00040730726686888374
0.00040231961793324444
0.0003974014671257464
0.00039255177762242965
0.000387769448934705
0.0003830536461464362
0.00037840314689674415
0.00037381713082140777
0.0003692947193485452
0.00036483465373748913
0.000360436313712853
0.000356098573320196
0.0003518207849992905
0.0003476017463981407
0.0003434408845350845
0.00033933690065168776
0.00033528960739204194
0.0003312975877634017
0.0003273601923865499
0.00032347679007216357
0.00031964618210622575
0.0003158681793138385
0.0003121415811619954
0.00030846550907881465
0.00030483953196380753
0.00030126292040222324
0.0002977347430714872
0.0002942542687378591
0.00029082101173116826
0.00028743413531628903
0.0002840930192178348
0.00028079678122594487
0.00027754518487199675
0.00027433713694335893
0.0002711722336243838
0.00026804983463080134
0.0002649692451086594
0.00026192987024842296
0.00025893103884300217
0.00025597234525776
0.0002530531510274159
0.00025017259213200305
0.00024733056852710433
0.0002445261270622723
0.00024175894941436127
0.00023902844077383634
0.00023633400087419432
0.0002336750567337731
0.00023105131185729988
0.00022846212414151523
0.00022590691696677823
0.0002233853501820704
0.0002208967798651429
0.00021844088587386068
0.00021601698608719744
0.0002136249477189267
0.00021126387764525134
0.00020893377950415015
0.00020663389841502067
0.00020436381237232126
0.00020212327035551425
0.0001999117503146408
0.0001977287174668163
0.00019557388623070437
0.00019344697830092628
0.00019134743524773512
0.0001892746822704794
0.00018722869572229683
0.00018520895901019685
0.00018321495917916764
0.00018124640337191522
0.00017930314243130852
0.00017738451788318343
0.00017549029871588573
0.0001736200756567996
0.00017177380868815817
0.00016995061560010072
0.00016815060007502325
0.0001663733219174901
0.00016461845189041924
0.000162885549798375
0.0001611745228728978
0.0001594848927197745
0.00015781640286149923
0.00015616885684721638
0.00015454169806616846
0.0001529350247437833
0.00015134803652472328
0.0001497811681474559
0.00014823333549429663
0.0001467049132770626
0.0001451952448405791
0.00014370425378729124
0.00014223156176740304
0.00014077709420234896
0.00013934031812823378
0.0001379212480969727
0.00013651948211190756
0.0001351348837488331
0.00013376714559854008
0.00013241601300251205
0.00013108123312122189
0.00012976283869647887
0.00012846020581491757
0.00012717339268419892
0.00012590213191288058
0.0001246461433765944
0.00012340514876996167
0.00012217920630064327
0.000120967792099691
0.00011977108442806639
0.00011858846846735105
0.00011741991329472512
0.0001162653697974747
0.00011512449782458134
0.00011399711547710467
0.00011288294990663417
0.00011178222484886646
0.00011069418178522028
0.00010961909720208496
0.00010855658729269635
0.00010750649562396575
0.00010646869850461371
0.00010544305951043498
0.00010442934217280708
0.00010342740642954595
0.00010243701217405032
0.00010145829583052546
0.00010049068441730924
9.953439257515129e-05
9.858902012638282e-05
9.765450158738531e-05
9.673081694927532e-05
9.581765152688604e-05
9.491494893154595e-05
9.402243631484453e-05
9.314021190220956e-05
9.226793736161198e-05
9.140562178799883e-05
9.05529686860973e-05
8.971010720415507e-05
8.887657531886362e-05
8.805257130006794e-05
8.723770224605687e-05
8.643207547720522e-05
8.563534720451571e-05
8.484761747240555e-05
8.406863889831584e-05
8.32982605061261e-05
8.253648047684692e-05
8.178310054063331e-05
8.103817526716739e-05
8.030137905734591e-05
7.957265734148677e-05
7.88519737398019e-05
7.813907541276421e-05
7.743424248474184e-05
7.673704567423556e-05
7.604719212395139e-05
7.536524572060443e-05
7.46902860555565e-05
7.402293340419419e-05
7.336267299251631e-05
7.270955393323675e-05
7.20634670869913e-05
7.142437425500248e-05
7.07921262801392e-05
7.016651034064125e-05
6.954777200007811e-05
6.893550016684458e-05
6.832971666881349e-05
6.773056520614773e-05
6.713743823638652e-05
6.655093602603301e-05
6.597034189326223e-05
6.539604692079592e-05
6.482767821580637e-05
6.426525396818761e-05
6.370884148054756e-05
6.315817518043332e-05
6.261310954869259e-05
6.207399201230146e-05
6.154010588943493e-05
6.101203689468093e-05
6.048939030733891e-05
5.997206062602345e-05
5.946004421275575e-05
5.895340291317552e-05
5.845183113706298e-05
5.7955499869422056e-05
5.7464121709926985e-05
5.6977745771291666e-05
5.649645390803926e-05
5.601986595138442e-05
5.5548287491546944e-05
5.508127833309118e-05
5.4619154980173334e-05
5.416154090198688e-05
5.370865619624965e-05
5.326014434103854e-05
5.2816250899923034e-05
5.237677396507934e-05
5.194162622501608e-05
5.1510809498722665e-05
5.108421100885607e-05
5.066200174042024e-05
5.024379788665101e-05
4.98298613820225e-05
4.941984843753744e-05
4.901394459011499e-05
4.8611933380016126e-05
4.821390211873222e-05
4.781989991897717e-05
4.7429433834622614e-05
4.704301682068035e-05
4.66601977677783e-05
4.628117494576145e-05
4.590577918861527e-05
4.553401049633976e-05
4.516576700552832e-05
4.480107418203261e-05
4.4439937482820824e-05
4.408217137097381e-05
4.372784860606771e-05
4.33769055234734e-05
4.302929846744519e-05
4.268499287718441e-05
4.234391053614672e-05
4.200608418614138e-05
4.167137376498431e-05
4.1339922972838394e-05
4.101150079804938e-05
4.068621274200268e-05
4.0363867810810916e-05
4.004467155027669e-05
3.972830563725438e-05
3.9414906495949253e-05
3.910448504029773e-05
3.879696305375546e-05
3.849217318929732e-05
3.819020639639348e-05
3.789108632190619e-05
3.7594612877001055e-05
3.730102980625816e-05
3.7009978768764995e-05
3.6721528886118904e-05
3.6435963920666836e-05
3.615271452872548e-05
3.587223545764573e-05
3.55942320311442e-05
3.531869333528448e-05
3.504561391309835e-05
3.477509744698182e-05
3.4507049349485897e-05
3.424123497097753e-05
3.397792352188844e-05
3.37169440172147e-05
3.3458307370892726e-05
3.320198266010266e-05
3.294780617579818e-05
3.269608896516729e-05
3.2446392651763745e-05
3.21990555676166e-05
3.195385397702921e-05
3.1710836992715485e-05
3.146988819935359e-05
3.123111309832893e-05
3.099435525655281e-05
3.0759783840039745e-05
3.0527133276336826e-05
3.0296554541564547e-05
3.0068002160987817e-05
2.9841439754818566e-05
2.9616858228109777e-05
2.9394157536444254e-05
2.9173370421631262e-05
2.8954562367289327e-05
2.873756420740392e-05
2.852247234841343e-05
2.830919584084768e-05
2.809774741763249e-05
2.7888130716746673e-05
2.768023477983661e-05
2.747422331594862e-05
2.726984348555561e-05
2.7067306291428395e-05
2.686633524717763e-05
2.6667194106266834e-05
2.6469682779861614e-05
2.627386129461229e-05
2.6079665985889733e-05
2.5887069568852894e-05
2.5696115699247457e-05
2.5506697056698613e-05
2.5319142878288403e-05
2.5132716473308392e-05
2.4948041755123995e-05
2.4765038688201457e-05
2.458339622535277e-05
2.440327989461366e-05
2.4224627850344405e-05
2.404756196483504e-05
2.3871834855526686e-05
2.3697632059338503e-05
2.3524831703980453e-05
2.3353344658971764e-05
2.3183478333521634e-05
2.3014872567728162e-05
2.2847620130050927e-05
2.2681824702885933e-05
2.2517264369525947e-05
2.2354055545292795e-05
2.2192218239069916e-05
2.2031759726814926e-05
2.1872448996873572e-05
2.1714593458455056e-05
2.155787115043495e-05
2.140244032489136e-05
2.124827733496204e-05
2.109538036165759e-05
2.0943667550454848e-05
2.079308615066111e-05
2.0643843527068384e-05
2.0495850549195893e-05
2.0348865291452967e-05
2.0203104213578627e-05
2.0058541849721223e-05
1.9915105440304615e-05
1.9772807718254626e-05
1.96315686480375e-05
1.9491553757688962e-05
1.935259933816269e-05
1.9214683561585844e-05
1.9077981050941162e-05
1.8942240785690956e-05
1.880762465589214e-05
1.8673910744837485e-05
1.854153015301563e-05
1.8409949916531332e-05
1.8279508367413655e-05
1.8149961761082523e-05
1.8021628420683555e-05
1.7894028133014217e-05
1.7767635654308833e-05
1.764225453371182e-05
1.7517531887278892e-05
1.7394087990396656e-05
1.727144990582019e-05
1.714983045530971e-05
1.7029155060299672e-05
1.6909305486478843e-05
1.679041815805249e-05
1.6672509445925243e-05
1.6555413822061382e-05
1.6439291357528418e-05
1.632398743822705e-05
1.6209633031394333e-05
1.609607534192037e-05
1.5983432604116388e-05
1.587166843819432e-05
1.5760697351652198e-05
1.5650628483854234e-05
1.5541294487775303e-05
1.543286634841934e-05
1.5325245840358548e-05
1.5218454791465774e-05
1.5112438632058911e-05
1.5007224646979012e-05
1.4902894690749235e-05
1.4799174095969647e-05
1.4696317521156743e-05
1.459431769035291e-05
1.4492910850094631e-05
1.4392411685548723e-05
1.4292601917986758e-05
1.4193521565175615e-05
1.4095212463871576e-05
1.3997640053275973e-05
1.3900738849770278e-05
1.3804736227029935e-05
1.3709119230043143e-05
1.3614448107546195e-05
1.3520473657990806e-05
1.3427228623186238e-05
1.3334507457329892e-05
1.324254299106542e-05
1.3151402527000755e-05
1.306061130890157e-05
1.2970955140190199e-05
1.288146995648276e-05
1.279295793210622e-05
1.2704978871624917e-05
1.2617692846106365e-05
1.2530996173154563e-05
1.2445032552932389e-05
1.2359581887722015e-05
1.2274678738322109e-05
1.2190706911496818e-05
1.210712616739329e-05
1.2024118404951878e-05
1.1941834600293078e-05
1.1860101949423552e-05
1.1779065971495584e-05
1.169831921288278e-05
1.1618447388173081e-05
1.153910307039041e-05
1.1460217137937434e-05
1.1381971489754505e-05
1.1304375220788643e-05
1.1227279173908755e-05
1.1150641512358561e-05
1.1074676876887679e-05
1.0999217920470983e-05
1.0924328307737596e-05
1.0849928003153764e-05
1.0776084309327416e-05
1.0702860890887678e-05
1.0630001270328648e-05
1.0557807399891317e-05
1.0486033716006204e-05
1.041478753904812e-05
1.0344128895667382e-05
1.0273864972987212e-05
1.0204130376223475e-05
1.0135034244740382e-05
1.0066172762890346e-05
9.998031600844115e-06
9.930279702530243e-06
9.86303530225996e-06
9.796291124075651e-06
9.729901648825034e-06
9.664143362897448e-06
9.598659744369797e-06
9.533892807667144e-06
9.46941327129025e-06
9.405352102476172e-06
9.341929398942739e-06
9.278805009671487e-06
9.216075341100805e-06
9.153947758022696e-06
9.092180334846489e-06
9.030953151523136e-06
8.96999699762091e-06
8.909473763196729e-06
8.849534424371086e-06
8.789869752945378e-06
8.730719855520874e-06
8.671921023051254e-06
8.613442332716659e-06
8.555643944418989e-06
8.498065653839149e-06
8.440905730822124e-06
8.384084139834158e-06
8.327855539391749e-06
8.271874321508221e-06
8.216265996452421e-06
8.161076038959436e-06
8.10632627690211e-06
8.051903932937421e-06
7.99783447291702e-06
7.944276148919016e-06
7.890941560617648e-06
7.838065357645974e-06
7.78548746893648e-06
7.733366146567278e-06
7.681470378884114e-06
7.630114851053804e-06
7.578953955089673e-06
7.5282860052539036e-06
7.477801773347892e-06
7.427819582517259e-06
7.37818845664151e-06
7.328735591727309e-06
7.279764759005047e-06
7.231126801343635e-06
7.182730769272894e-06
7.134776751627214e-06
7.087135600158945e-06
7.0397654781118035e-06
6.992746421019547e-06
6.946107532712631e-06
6.899705113028176e-06
6.853697414044291e-06
6.80789707985241e-06
6.762562406947836e-06
6.717387805110775e-06
6.672689778497443e-06
6.628142728004605e-06
6.583995855180547e-06
6.540107278851792e-06
6.496498826891184e-06
6.453321475419216e-06
6.4103096519829705e-06
6.367583409883082e-06
6.325162758002989e-06
6.283060429268517e-06
6.241258233785629e-06
6.199919880600646e-06
6.15847238805145e-06
6.117552402429283e-06
6.076941645005718e-06
6.036476406734437e-06
5.996338586555794e-06
5.9565591072896495e-06
5.916954251006246e-06
5.87765134696383e-06
5.838532160851173e-06
5.799825885333121e-06
5.761288775829598e-06
5.72298995393794e-06
5.68504401599057e-06
5.647325451718643e-06
5.609888830804266e-06
5.572570444201119e-06
5.535684977076016e-06
5.498937753145583e-06
5.462472472572699e-06
5.426269126473926e-06
5.390304067987017e-06
5.354544555302709e-06
5.319052434060723e-06
5.283831342239864e-06
5.248788511380553e-06
5.214003977016546e-06
5.17954322276637e-06
5.145175236975774e-06
5.111121936351992e-06
5.077326932223514e-06
5.0436592573532835e-06
5.0102989916922525e-06
4.977120624971576e-06
4.944276952301152e-06
4.91144965053536e-06
4.878987965639681e-06
4.846770025324076e-06
4.814612111658789e-06
4.782939868164249e-06
4.751173037220724e-06
4.719775461126119e-06
4.68860162072815e-06
4.657600584323518e-06
4.626906957128085e-06
4.596275175572373e-06
4.565850758808665e-06
4.535799234872684e-06
4.5057531679049134e-06
4.476087269722484e-06
4.446428647497669e-06
4.417077434482053e-06
4.387949957163073e-06
4.358967998996377e-06
4.3303116399329156e-06
4.301571607356891e-06
4.273220838513225e-06
4.2450446926523e-06
4.217059540678747e-06
4.189301762380637e-06
4.161518518230878e-06
4.134168193559162e-06
4.106894266442396e-06
4.079834980075248e-06
4.052846634294838e-06
4.026214810437523e-06
3.999646651209332e-06
3.973282218794338e-06
3.947056029574014e-06
3.921095412806608e-06
3.895231202477589e-06
3.869670763378963e-06
3.8440502976300195e-06
3.818717232206836e-06
3.7936915759928524e-06
3.768596798181534e-06
3.7438094295794144e-06
3.719131200341508e-06
3.6947512853657827e-06
3.6703113437397406e-06
3.646229743026197e-06
3.622153599280864e-06
3.5984157875645906e-06
3.5746397770708427e-06
3.551147528924048e-06
3.5277735150884837e-06
3.504597771097906e-06
3.4814602258848026e-06
3.4585937100928277e-06
3.4359291021246463e-06
3.4132262953789905e-06
3.3908490877365693e-06
3.36848825099878e-06
3.3463620638940483e-06
3.324357749079354e-06
3.302480763522908e-06
3.280840246588923e-06
3.259236109443009e-06
3.2377447496401146e-06
3.2165644370252267e-06
3.195402314304374e-06
3.1743293220642954e-06
3.153467332595028e-06
3.1328581826528534e-06
3.1122217478696257e-06
3.0918163247406483e-06
3.071370883844793e-06
3.0513419915223494e-06
3.0311985028674826e-06
3.0113496904959902e-06
2.9915299819549546e-06
2.9719412850681692e-06
2.952396243927069e-06
2.9330094548640773e-06
2.913733624154702e-06
2.8946251404704526e-06
2.875645805033855e-06
2.856704668374732e-06
2.8380181902321056e-06
2.8193826437927783e-06
2.8008453227812424e-06
2.7824844437418506e-06
2.7642399800242856e-06
2.745993697317317e-06
2.7281603252049536e-06
2.7101359592052177e-06
2.6923680707113817e-06
2.6747093215817586e-06
2.6571433409117162e-06
2.639728336362168e-06
2.622409738251008e-06
2.6052621251437813e-06
2.588169081718661e-06
2.5711597118061036e-06
2.554332240833901e-06
2.5375120458193123e-06
2.5209701561834663e-06
2.5043864297913387e-06
2.4879445845726877e-06
2.4716209736652672e-06
2.455444700899534e-06
2.4393684725509956e-06
2.4233522708527744e-06
2.407476131338626e-06
2.3917455109767616e-06
2.376002157689072e-06
2.360509824939072e-06
2.3448847059626132e-06
2.329625203856267e-06
2.3143784346757457e-06
2.2992317099124193e-06
2.2840795281808823e-06
2.2691710910294205e-06
2.2542881197296083e-06
2.2394870029529557e-06
2.224829586339183e-06
2.2103286028141156e-06
2.1958221623208374e-06
2.181375748477876e-06
2.1670748537871987e-06
2.1529722289415076e-06
2.1388750610640272e-06
2.1247869881335646e-06
2.1109099179739133e-06
2.0970473997294903e-06
2.0834122551605105e-06
2.0696988940471783e-06
2.0561310520861298e-06
2.042712367256172e-06
2.029319148277864e-06
2.016029611695558e-06
2.002847395488061e-06
1.9897361198673025e-06
1.976692146854475e-06
1.9637845980469137e-06
1.950866135302931e-06
1.9380913727218285e-06
1.925556716741994e-06
1.9128183339489624e-06
1.9003582565346733e-06
1.8878672563005239e-06
1.8755690689431503e-06
1.8632090359460562e-06
1.8511273083277047e-06
1.8389509932603687e-06
1.8269365682499483e-06
1.8149403331335634e-06
1.8031369108939543e-06
1.7912898329086602e-06
1.7795609892345965e-06
1.7679212760413066e-06
1.756436176947318e-06
1.7449074221076444e-06
1.7333932191831991e-06
1.7222009773831815e-06
1.7108322936110198e-06
1.699709173408337e-06
1.6885114746401086e-06
1.677499312791042e-06
1.6665617295075208e-06
1.655662345001474e-06
1.6448248061351478e-06
1.6339763533324003e-06
1.6233698261203244e-06
1.6127833077916875e-06
1.6022240743041039e-06
1.59172122948803e-06
1.5813020581845194e-06
1.5709920262452215e-06
1.5607438399456441e-06
1.5504447219427675e-06
1.5404075384140015e-06
1.5303139662137255e-06
1.5203004295472056e-06
1.5103287296369672e-06
1.5004789020167664e-06
1.4906800060998648e-06
1.4809083950240165e-06
1.4711949916090816e-06
1.4616707630921155e-06
1.4520428521791473e-06
1.4426186680793762e-06
1.4331781130749732e-06
1.423766661901027e-06
1.4144388842396438e-06
1.405265720677562e-06
1.3960070646135136e-06
1.3869266695110127e-06
1.3778626453131437e-06
1.3688422768609598e-06
1.3598728401120752e-06
1.3510489225154743e-06
1.342210453003645e-06
1.3333956303540617e-06
1.324762706644833e-06
1.3159897207515314e-06
1.3075168681098148e-06
1.298876668442972e-06
1.290445652557537e-06
1.2819709809264168e-06
1.2735563359456137e-06
1.2653908925130963e-06
1.2569435057230294e-06
1.2488089851103723e-06
1.24068719742354e-06
1.2325253919698298e-06
1.2245436664670706e-06
1.2164655345259234e-06
1.2085292837582529e-06
1.2005912140011787e-06
1.1928459571208805e-06
1.1850479495478794e-06
1.1772463039960712e-06
1.169637471321039e-06
1.1619322322076187e-06
1.1544234439497814e-06
1.1467473086668178e-06
1.13923306344077e-06
1.1319298209855333e-06
1.1244992492720485e-06
1.117159627028741e-06
1.109865479520522e-06
1.1025404091924429e-06
1.0954390745609999e-06
1.0882304195547476e-06
1.0811727406689897e-06
1.0740277502918616e-06
1.067124685505405e-06
1.0600961104501039e-06
1.0531457519391552e-06
1.046293618855998e-06
1.0394433047622442e-06
1.032634827424772e-06
1.025990059133619e-06
1.0192470654146746e-06
1.0124858818016946e-06
1.0060030035674572e-06
9.994237188948318e-07
9.928244253387675e-07
9.86457962426357e-07
9.798495739232749e-07
9.735667845234275e-07
9.671530278865248e-07
9.608993423171341e-07
9.546311048325151e-07
9.483519534114748e-07
9.421401045983657e-07
9.360919648315758e-07
9.298455552197993e-07
9.238774509867653e-07
9.177801985060796e-07
9.118757589021698e-07
9.05854903976433e-07
8.998722478281707e-07
8.941333362599835e-07
8.882307156454772e-07
8.824499673210084e-07
8.766783139435574e-07
8.70968506205827e-07
8.652732503833249e-07
8.595634426455945e-07
8.540409908164293e-07
8.484039426548406e-07
8.429160516243428e-07
8.373826858587563e-07
8.319038897752762e-07
8.266197255579755e-07
8.210772648453712e-07
8.157221600413322e-07
8.103816071525216e-07
8.051338227232918e-07
7.998805813258514e-07
7.94687366578728e-07
7.894905138527974e-07
7.842645572964102e-07
7.792932592565194e-07
7.740254659438506e-07
7.690614438615739e-07
7.640446710865945e-07
7.590024324599653e-07
7.540875230915844e-07
7.492271834053099e-07
7.442868081852794e-07
7.394191925413907e-07
7.346225174842402e-07
7.297749107237905e-07
7.250655471580103e-07
7.203234417829663e-07
7.156577339628711e-07
7.109083526302129e-07
7.062553777359426e-07
7.017551979515702e-07
6.971222319407389e-07
6.924965418875217e-07
6.880509317852557e-07
6.835853127995506e-07
6.790924089727923e-07
6.746467988705263e-07
6.703285180265084e-07
6.658847269136459e-07
6.6152642830275e-07
6.572518032044172e-07
6.529135134769604e-07
6.486552592832595e-07
6.444661266868934e-07
6.402442522812635e-07
6.360169209074229e-07
6.319114618236199e-07
6.27809640718624e-07
6.237169145606458e-07
6.196496542543173e-07
6.155114533612505e-07
6.115787982707843e-07
6.075970304664224e-07
6.036116246832535e-07
5.996371328365058e-07
5.958081601420417e-07
5.918464012211189e-07
5.880356184206903e-07
5.841175152454525e-07
5.8033037930727e-07
5.766451067756861e-07
5.728415999328718e-07
5.690690159099177e-07
5.653510015690699e-07
5.616639100480825e-07
5.580077413469553e-07
5.543861334444955e-07
5.507063178811222e-07
5.471501935971901e-07
5.436340870801359e-07
5.400161171564832e-07
5.365327524486929e-07
5.33007550984621e-07
5.295714800013229e-07
5.260662874206901e-07
5.226465873420238e-07
5.192378011997789e-07
5.158872227184474e-07
5.124657036503777e-07
5.091133061796427e-07
5.059264367446303e-07
5.025049176765606e-07
4.99270754517056e-07
4.959911166224629e-07
4.927205736748874e-07
4.895409801974893e-07
4.863504727836698e-07
4.831636033486575e-07
4.80049493489787e-07
4.769026418216527e-07
4.737594281323254e-07
4.7071080189198256e-07
4.675857780966908e-07
4.6456261770799756e-07
4.6163040678948164e-07
4.5851265895180404e-07
4.5550223148893565e-07
4.52580934506841e-07
4.4962325773667544e-07
4.4664921006187797e-07
4.4379339669831097e-07
4.4088483264204115e-07
4.380199243314564e-07
4.3507679947651923e-07
4.323428584029898e-07
4.294633981771767e-07
4.266948963049799e-07
4.2389910959172994e-07
4.211597115499899e-07
4.1830571717582643e-07
4.1577550291549414e-07
4.128814907744527e-07
4.1024941310752183e-07
4.0755367081146687e-07
4.049561539432034e-07
4.022986104246229e-07
3.995774022769183e-07
3.9704900700598955e-07
3.94467861042358e-07
3.919449227396399e-07
3.893437678925693e-07
3.867098712362349e-07
3.843051672447473e-07
3.8178950489964336e-07
3.7925019569229335e-07
3.7676727515645325e-07
3.74377123080194e-07
3.7180871004238725e-07
3.695058694574982e-07
3.670775186037645e-07
3.646582626970485e-07
3.6226447264198214e-07
3.599034243961796e-07
3.5760058381129056e-07
3.5524317354429513e-07
3.5296761780045927e-07
3.5057018976658583e-07
3.4833828976843506e-07
3.4606091503519565e-07
3.439017746131867e-07
3.4149161365348846e-07
3.393761289771646e-07
3.370896592969075e-07
3.3496689866296947e-07
3.3276774047408253e-07
3.304539859527722e-07
3.285058483015746e-07
3.262484824517742e-07
3.2422394724562764e-07
3.220047801733017e-07
3.199347702320665e-07
3.1780655262991786e-07
3.1581112125422806e-07
3.1372837838716805e-07
3.116074367426336e-07
3.0971023079473525e-07
3.075856511713937e-07
3.0559203878510743e-07
3.036038833670318e-07
3.016430127900094e-07
2.997276169480756e-07
2.977049007313326e-07
2.9573129722848535e-07
2.9389047995209694e-07
2.9190778150223196e-07
2.899978426285088e-07
2.881242835428566e-07
2.8624344849959016e-07
2.844408300006762e-07
2.824890543706715e-07
2.80704625765793e-07
2.7888563636224717e-07
2.7702117222361267e-07
2.752567525021732e-07
2.733977453317493e-07
2.7170062821824104e-07
2.6989982870873064e-07
2.680371835594997e-07
2.6644556783139706e-07
2.645665517775342e-07
2.62993125943467e-07
2.611759555293247e-07
2.595061232568696e-07
2.5782901502680033e-07
2.560827851993963e-07
2.544329618103802e-07
2.528104232624173e-07
2.511169441277161e-07
2.495453372830525e-07
2.478827809682116e-07
2.4626206140965223e-07
2.4467590264976025e-07
2.430315362289548e-07
2.4147811927832663e-07
2.3989559849724174e-07
2.383276296313852e-07
2.3677785065956414e-07
2.352771844016388e-07
2.3366010282188654e-07
2.3219581635203212e-07
2.3072607291396707e-07
2.2916538000572473e-07
2.276447048643604e-07
2.262095222249627e-07
2.2468884708359838e-07
2.2320455173030496e-07
2.218057488789782e-07
2.2031781554687768e-07
2.1893902157898992e-07
2.1746382117271423e-07
2.1602500055450946e-07
2.146425686078146e-07
2.1325286070350558e-07
2.1188861865084618e-07
2.1041705622337759e-07
2.0919469534419477e-07
2.0769039110746235e-07
2.0638617570511997e-07
2.0500556274782866e-07
2.037650119746104e-07
2.024244167841971e-07
2.0098377717658877e-07
1.9974868337158114e-07
1.984462869586423e-07
1.9716389942914248e-07
1.9584695110097528e-07
1.9457547750789672e-07
1.9334765966050327e-07
1.9203798728995025e-07
1.9083199731539935e-07
1.895095920190215e-07
1.8835271475836635e-07
1.8710852600634098e-07
1.8586615624371916e-07
1.8465652829036117e-07
1.8343780538998544e-07
1.8225728126708418e-07
1.8111495592165738e-07
1.7991442291531712e-07
1.7867387214209884e-07
1.7759884940460324e-07
1.7634920368436724e-07
1.75268723978661e-07
1.7409911379218102e-07
1.7297679733019322e-07
1.7184720491059124e-07
1.7069396562874317e-07
1.6958983906079084e-07
1.685293682385236e-07
1.6739977581892163e-07
1.6632475308142602e-07
1.652406353969127e-07
1.6409285308327526e-07
1.631105988053605e-07
1.6198100638575852e-07
1.6099147615022957e-07
1.5990372048690915e-07
1.5884870663285255e-07
1.578391675138846e-07
1.5675868780817837e-07
1.558473741170019e-07
1.5469231584575027e-07
1.5376281226053834e-07
1.528096618130803e-07
1.5170189726632088e-07
1.5080513549037278e-07
1.4977558748796582e-07
1.4879333321005106e-07
1.4778925105929375e-07
1.4696706784889102e-07
1.4587749319616705e-07
1.4496436051558703e-07
1.4399120118469e-07
1.4309625839814544e-07
1.4221950550563633e-07
1.4114448276814073e-07
1.402786438120529e-07
1.3937096809968352e-07
1.3845055946148932e-07
1.3754834071733057e-07
1.3672979548573494e-07
1.3578755897469819e-07
1.348398654954508e-07
1.3406861398834735e-07
1.3316275726538152e-07
1.3225508155301213e-07
1.3137105270288885e-07
1.3059434422757477e-07
1.296757545787841e-07
1.2887539924122393e-07
1.2801501725334674e-07
1.271801011171192e-07
1.2637246982194483e-07
1.2556120054796338e-07
1.2470809451770037e-07
1.2390228221192956e-07
1.2302552931942046e-07
1.2236341717652977e-07
1.2148484529461712e-07
1.2068812793586403e-07
1.1989686754532158e-07
1.1917472875211388e-07
1.1831798474304378e-07
1.1757583706639707e-07
1.1687552614603192e-07
1.1603333405219018e-07
1.1524934961926192e-07
1.1450174497440457e-07
1.1389056453481317e-07
1.131065801018849e-07
1.1225165508221835e-07
1.1158408597111702e-07
1.1089105100836605e-07
1.1013980838470161e-07
1.0940675565507263e-07
1.0868097888305783e-07
1.0799158189911395e-07
1.072476152330637e-07
1.0661460692062974e-07
1.0590520105324686e-07
1.0523581295274198e-07
1.0448638931848109e-07
1.0385519999545068e-07
1.0318399290554225e-07
1.0248913895338774e-07
1.0180701792705804e-07
1.0114854376297444e-07
1.0049734555650502e-07
9.980067261494696e-08
9.921677701640874e-08
9.858013072516769e-08
9.790346666704863e-08
9.722316463012248e-08
9.661926014814526e-08
9.60499164648354e-08
9.534414857625961e-08
9.47766238823533e-08
9.408176993019879e-08
9.356335795018822e-08
9.285031410399824e-08
9.232462616637349e-08
9.17261786526069e-08
9.110954124480486e-08
9.050199878402054e-08
8.98817233974114e-08
8.933056960813701e-08
8.873394108377397e-08
8.818460628390312e-08
8.761708158999681e-08
8.706228982191533e-08
8.644019544590265e-08
8.59345163917169e-08
8.532879292033613e-08
8.475217327941209e-08
8.41973815113306e-08
8.377901394851506e-08
8.302959031425416e-08
8.259121386799961e-08
8.208917279262096e-08
8.15634848549962e-08
8.093775250017643e-08
8.04448063718155e-08
7.993730832822621e-08
7.937887858133763e-08
7.889502739999443e-08
7.841117621865124e-08
7.786911737639457e-08
7.735980034340173e-08
7.682501745875925e-08
7.634844223503023e-08
7.591734174638987e-08
7.531707524321973e-08
7.482049113605171e-08
7.441849447786808e-08
7.391645340248942e-08
7.34435161575675e-08
7.292328518815339e-08
7.249764166772366e-08
7.196649676188827e-08
7.149537850636989e-08
7.103881216607988e-08
7.055859896354377e-08
7.016387826297432e-08
6.972550181671977e-08
6.920527084730566e-08
6.874506652820855e-08
6.838126864749938e-08
6.780464900657535e-08
6.740810931660235e-08
6.70133886160329e-08
6.658046913798898e-08
6.610389391425997e-08
6.572372512891889e-08
6.525988283101469e-08
6.479240255430341e-08
6.442678568419069e-08
6.401023711077869e-08
6.351910997182131e-08
6.315713108051568e-08
6.279515218921006e-08
6.233858584892005e-08
6.19438651483506e-08
6.154186849016696e-08
6.110167305450886e-08
6.067421054467559e-08
6.039408617652953e-08
5.990841600578278e-08
5.957554094493389e-08
5.9144440456293523e-08
5.878064257558435e-08
5.834590410813689e-08
5.8045770856551826e-08
5.763104127254337e-08
5.7234501582570374e-08
5.694164428859949e-08
5.653782864101231e-08
5.607398634310812e-08
5.576657713390887e-08
5.543734005186707e-08
5.508081812877208e-08
5.457513907458633e-08
5.4445990826934576e-08
5.3976691560819745e-08
5.362016963772476e-08
5.3261828725226223e-08
5.2998075261712074e-08
5.253968993201852e-08
5.2215909818187356e-08
5.191031959839165e-08
5.1650204113684595e-08
5.118999979458749e-08
5.0904418458230793e-08
5.058245733380318e-08
5.025503924116492e-08
4.985668056178838e-08
4.9625668907538056e-08
4.918365448247641e-08
4.896537575405091e-08
4.860703484155238e-08
4.832509148400277e-08
4.7932189772836864e-08
4.7719368012622e-08
4.7391949919983745e-08
4.708999767899513e-08
4.672801878768951e-08
4.644971340894699e-08
4.6078639570623636e-08
4.5882188715040684e-08
4.5500200940296054e-08
4.5245542423799634e-08
4.501998773775995e-08
4.463618097361177e-08
4.433059075381607e-08
4.4030457502231e-08
4.3823092710226774e-08
4.3493855628184974e-08
4.323737812228501e-08
4.2993633542209864e-08
4.253524821251631e-08
4.2453393689356744e-08
4.20113792642951e-08
4.194225766696036e-08
4.147295840084553e-08
4.1320163290947676e-08
4.1021849028766155e-08
4.0727172745391726e-08
4.051071300636977e-08
4.0226950659416616e-08
3.9937731344252825e-08
3.9664882933720946e-08
3.9502992876805365e-08
3.917739377357066e-08
3.888089850079268e-08
3.869354259222746e-08
3.842069418169558e-08
3.815875970758498e-08
3.793320502154529e-08
3.769127943087369e-08
3.7425706977956e-08
3.710738383233547e-08
3.697277861647308e-08
3.6698111216537654e-08
3.6456185625866055e-08
3.625609679147601e-08
3.598142939154059e-08
3.57122189598158e-08
3.5555785871110857e-08
3.526110958773643e-08
3.5055563785135746e-08
3.480454324744642e-08
3.4604454413056374e-08
3.438981366343796e-08
3.416789695620537e-08
3.38914105668664e-08
3.369677870068699e-08
3.3505784813314676e-08
3.329296305309981e-08
3.3027390600182116e-08
3.2856405596248806e-08
3.261266101617366e-08
3.2399839255958796e-08
3.217974153812975e-08
3.2026946428231895e-08
3.179229679517448e-08
3.1588569981977344e-08
3.134300641249865e-08
3.115928848274052e-08
3.095374268013984e-08
3.0750015866942704e-08
3.054083208553493e-08
3.039167495444417e-08
3.008972271345556e-08
3.000968717969954e-08
2.9718648875132203e-08
2.9654984246008098e-08
2.931665221694857e-08
2.923661668319255e-08
2.8940121410414577e-08
2.883825800381601e-08
2.8567228582687676e-08
2.8501744964160025e-08
2.8250724426470697e-08
2.8107024263590574e-08
2.7826899895444512e-08
2.7728674467653036e-08
2.7541318559087813e-08
2.731030690483749e-08
2.7150235837325454e-08
2.7048372430726886e-08
2.6780980988405645e-08
2.6622728910297155e-08
2.6477209758013487e-08
2.6258931029587984e-08
2.614251570776105e-08
2.5882400223053992e-08
2.5771441869437695e-08
2.565866452641785e-08
2.5469489628449082e-08
2.5187546270899475e-08
2.5209374143742025e-08
2.4969267542473972e-08
2.474553184583783e-08
2.461820258758962e-08
2.4498149286955595e-08
2.426349965389818e-08
2.4143446353264153e-08
2.3972461349330842e-08
2.3854227038100362e-08
2.3619577405042946e-08
2.3566826712340117e-08
2.3383108782581985e-08
2.3163011064752936e-08
2.3110260372050107e-08
2.288470568601042e-08
2.2804670152254403e-08
2.259912434965372e-08
2.244087227154523e-08
2.2320818970911205e-08
2.2177118808031082e-08
2.20588844968006e-08
2.185333869419992e-08
2.1806044969707727e-08
2.158958523068577e-08
2.1447704057209194e-08
2.1314917830750346e-08
2.120759745594114e-08
2.1003870642744005e-08
2.097476681228727e-08
2.06982804229483e-08
2.0692823454737663e-08
2.0476363715715706e-08
2.033448254223913e-08
2.0248990040272474e-08
2.0116203813813627e-08
1.9997969502583146e-08
1.9832441466860473e-08
1.9723302102647722e-08
1.957414497155696e-08
1.9406797946430743e-08
1.9419530872255564e-08
1.9159415387548506e-08
1.9121216610074043e-08
1.8937498680315912e-08
1.8782884581014514e-08
1.8706487026065588e-08
1.85918906936422e-08
1.8491846276447177e-08
1.8373611965216696e-08
1.8146238289773464e-08
1.818807504605502e-08
1.7978891264647245e-08
1.7864294932223856e-08
1.7729689716361463e-08
1.7666025087237358e-08
1.7495040083304048e-08
1.7462298274040222e-08
1.7242200556211174e-08
1.7198544810526073e-08
1.7062120605260134e-08
1.696207618806511e-08
1.6880221664905548e-08
1.6714693629182875e-08
1.66164682013914e-08
1.6530975699424744e-08
1.6416379367001355e-08
1.6292688087560236e-08
1.6205376596190035e-08
1.603621058166027e-08
1.6074409359134734e-08
1.589614839758724e-08
1.5796103980392218e-08
1.565422280691564e-08
1.5525074559263885e-08
1.5475961845368147e-08
1.539592631161213e-08
1.53431756189093e-08
1.5177647583186626e-08
1.50139385368675e-08
1.4977558748796582e-08
1.4828401617705822e-08
1.4841134543530643e-08
1.4668330550193787e-08
1.460102794226259e-08
1.4497345546260476e-08
1.4366378309205174e-08
1.43554643727839e-08
1.4202669262886047e-08
1.4179022400639951e-08
1.394255377817899e-08
1.3968019629828632e-08
1.3833414413966238e-08
1.3786120689474046e-08
1.3676981325261295e-08
1.3522367225959897e-08
1.3556928024627268e-08
1.3347744243219495e-08
1.332773535978049e-08
1.320950104855001e-08
1.3149474398232996e-08
1.3036697055213153e-08
1.2989403330720961e-08
1.2891177902929485e-08
1.2776581570506096e-08
1.2760210665874183e-08
1.2620148481801152e-08
1.254193193744868e-08
1.2547388905659318e-08
1.2281816452741623e-08
1.2350938050076365e-08
1.2256350601091981e-08
1.2109012459404767e-08
1.2089003575965762e-08
1.201988197863102e-08
1.1885276762768626e-08
1.1863448889926076e-08
1.1717929737642407e-08
1.169064489658922e-08
1.1548763723112643e-08
1.1599695426411927e-08
1.1445081327110529e-08
1.1341398931108415e-08
1.1323209037072957e-08
1.1239535524509847e-08
1.1184965842403471e-08
1.1050360626541078e-08
1.0966687113977969e-08
1.103217073250562e-08
1.0881194612011313e-08
1.0748408385552466e-08
1.0742951417341828e-08
1.0668372851796448e-08
1.0562871466390789e-08
1.0530129657126963e-08
1.0406438377685845e-08
1.0424628271721303e-08
1.0315488907508552e-08
1.0260919225402176e-08
1.0159055818803608e-08
1.0139046935364604e-08
1.0049916454590857e-08
9.984432836063206e-09
Largest EigenValue: 9598.608087963969
Iterations: 2145
Elapsed time: 263.359375seconds
